# starid Teff Teff_errp Teff_errm FeH FeH_errp FeH_errm radPhot radPhot_errp radPhot_errm massfin massfin_errp massfin_errm age age_errp age_errm 
1044013542142711296 nan nan nan nan nan nan nan nan nan nan nan nan nan nan nan
1074139748425931008 5364.091342 12.412529000000177 11.784090538699274 0.3135869389458167 0.013530985187140243 0.010777239030260066 1.0683853426560155 0.2590618647292109 0.1501598658822041 1.0016185983610677 0.07224980393142633 0.06593448041827943 9094.680185 3319.7230050000016 6170.334207999999
1076970406751899008 6436.327072 1.1386679999995977 1.2662799999998242 -0.04247752835936801 0.0064602637321824405 0.0036600917111651934 1.1453998057534924 0.05226193602374085 0.00506905714959438 1.1969252078829622 1.0181489115579367e-05 0.015098131818410465 565.9378674 622.6174426 74.45714279999993
1111639314047794944 6056.529102 3.159835999999814 3.4003630000006524 -0.027694157638461097 0.0033990007154834495 0.004072424997106538 1.2447603590469125 0.1790554001321807 0.13872527131247958 1.0805134648836157 0.07580892514202398 0.09706608516414461 5714.773162 710.6058809999995 2865.7068120000004
111322601672419712 5060.519329 88.48063400000046 83.50105169277958 -0.2065828914230872 0.0934901083486166 0.09481839696124963 0.7289457981791726 0.05829085593424688 0.04329706732345273 0.7419137006686441 0.03804554572419683 0.027220728972902397 7805.530145 8057.295825 5497.030012807139
1117620107545810944 5886.083208 2.923800999999912 2.608266000000185 0.3147137845862409 0.002066073633537946 0.002326094530134659 1.087426843257015 0.1683651408754463 0.03905261291027573 1.1479953813282389 0.027913442763058738 0.05312740686742745 1820.112193 2585.3516900000004 688.165418
1255520718461480960 5692.975945 3.2444299999997384 1.622812999999951 -0.03170853322410141 0.0038797705455140795 0.006619835783851939 1.169495602494867 0.06719708184521234 0.2832699317621077 0.9879096229450505 0.03455412900306676 0.11109562465436629 8453.174747 2225.120143 6475.933890999999
1316708918505350528 5850.161277 6.948037999999542 8.458652000000257 -0.020203946258046206 0.008129073794503849 0.007370990839312367 1.0718729337405177 0.26091920984374006 0.09644731764408176 1.0026114302951084 0.06270108884939929 0.0406333266301343 6198.968995 1944.1545669999996 3477.910567381792
1331356474971716992 5974.235145 1.4436270000005607 1.8422999999993408 0.030349139704056727 0.0031599280259388476 0.0034548319015378776 1.1122824782748724 0.24881203853873735 0.13739728745032398 1.040804066663315 0.06884226534613647 0.05324566487356075 4632.950905 1624.2323420000002 3181.6481299999996
1344163891352965632 5992.477648 7.20079799999985 9.102474000000257 -0.22770503274121962 0.0017594591692565165 0.001733419769930994 1.1370501104228852 0.13458494309195568 0.20785710214692 0.9717682816349102 0.042368675783017506 0.0693248554622693 6596.426772 1927.9963159999998 4377.697717999999
1416731285125373184 6148.19138 20.763465999999426 15.280367000000297 0.0033989038845586286 0.013674971329875413 0.01341923665862588 1.190260765224843 0.1953898960184497 0.1522695106310783 1.1176821919461064 0.05662726037978971 0.0878433024986176 3266.220074 1360.751796781159 1756.5291142420417
1424011082893734272 5903.2497 3.226332999999613 3.2772899999999936 -0.17645857007229532 0.005875052732920466 0.0055502548325718215 0.9559240874296198 0.47702041284931296 0.07244516669829815 0.9343011930018602 0.0569634372329193 0.05758180433361826 5147.063575 3110.053169999999 4195.3914373
145333927996558976 nan nan nan nan nan nan nan nan nan nan nan nan nan nan nan
1464700950221781504 6202.6019125 36.61584849999963 37.36044149999998 -0.4265018267493498 0.039283778476802145 0.04117613444909207 1.0430311069031557 0.3155085994558924 0.1333855573192544 0.9527851912925444 0.06556963752450862 0.06111890101050732 4738.080836 1830.9309240000002 2693.064595
1476485996883837184 4591.679716 0.0 0.0 -0.1298132847037489 0.0 0.0 0.6602930278300178 0.026555656872386812 0.0 0.6999432567492836 0.008933935950932614 0.0 5149.81987 3014.8146689999994 0.0
148080473682357376 nan nan nan nan nan nan nan nan nan nan nan nan nan nan nan
1491634483976350720 4891.22776 1.225083000000268 0.35708400000021356 0.095760165668663 0.00432169882777915 0.0038562938436879912 0.7581712056511212 0.06320184987088573 0.025386405763844544 0.7788752410637978 0.03384255542707748 0.029983611683676248 7059.982512 8488.177418 4244.852926
1499514786891168640 4532.37852 4.150265999999647 8.1261599999998 -0.10877377205216511 0.004548647011975188 0.002266396598624029 0.6653819917240348 0.001577278622244438 0.0031337382172454964 0.7089369433412095 8.611935046087815e-06 4.360263435643219e-06 5955.561721 382.0 764.0
1587399232335653760 5839.040934 14.959779000000708 14.322167999999692 0.12815788182255972 0.01322133477201487 0.013326709550044585 1.1138661548105846 0.19434820160228194 0.11389351438085549 1.0609555970036701 0.05195515057060973 0.059385096777437196 5009.79471 2315.0567499999997 2733.536349
1675923009431370880 5188.008175 14.35432899999978 14.158595402514948 0.20239679731414473 0.011377724520284849 0.0101520802487923 0.935911893177361 0.14641622655670383 0.09255962174410648 0.8896967507918153 0.053023364335629264 0.03710261223668998 12005.39859 5971.859659999998 7928.561103987744
1725490333641502976 5848.747569 4.911516999999549 4.339904999999817 0.1185954490305942 0.0053955370984910545 0.005017270567335169 1.2007529056459452 0.25699280827826554 0.1791954605842061 1.0634592418681816 0.09826772711276455 0.04011608968880398 5678.59193 1646.2595300000003 1118.6118159999996
1737061349198867456 5997.407712 13.354154999999992 13.499198000000433 -0.2014341394094986 0.010857678828157413 0.011642183895005681 1.0772626487402015 0.249694342552494 0.14221559429479824 0.9663656216379267 0.05025433361821918 0.06377737921673121 5958.207647 1804.4657564826102 2814.439361
1750321012752775040 6140.249946 3.162065000000439 4.267104999999901 -0.17461188811499068 0.0032688691588051433 0.0036430501238997326 1.0323045333770424 0.4021025513725218 0.12175793218769593 0.9547061459956764 0.12944822934995737 0.014809587753255138 4764.483473 1163.728502 3939.9835761000004
1779546757669063552 5996.460526 1.2595750000000407 1.6850237580802059 -0.30419214168059483 0.011598496299155103 0.011545635529332354 0.9880800308551447 0.3404146813552109 0.11990091918425094 0.9277736795535669 0.043488029259464156 0.05880847317882454 5790.449051 2607.845569000001 3015.4122129999996
179498266829041664 5369.864788 37.34883790643471 37.18918699999995 -0.017002530401419923 0.05349434057853647 0.04198109736102704 0.8873253424834797 0.23841708302180642 0.08633285338644492 0.8542979422854557 0.05251690463023473 0.052433484993212987 9928.680536 6907.465484 6430.922865142906
1808938730710633984 5774.019566 5.897106000000349 4.6844529999998485 -0.14406778426777195 0.005700011957859352 0.007174641851525304 0.9395520630963267 0.40620551323636833 0.09359039220253396 0.8844890794831833 0.08265626665326031 0.030987965411492624 7275.093221 3143.678809 4397.792654000001
181908842994567936 6594.016165 2.9779570000000604 52.54670224376059 0.0821591509203479 0.025693267924084884 0.02638322921249569 1.1524426945484452 0.020161441996353835 0.01936757837436809 1.1959302252274897 5.225931325747446e-05 0.026945982605198093 220.9318934 216.63881044021517 130.89999998000002
1835842749465226368 6738.96634 11.26545299999998 9.301744000000326 -0.35130582197545335 0.004183254486575583 0.006219525068050014 1.114811215111832 0.06055233110187097 0.036250442985558795 1.1429749635513549 0.03395147051430292 0.01499993916846809 491.8074785 392.93084120000003 355.21166900000003
1849786481032616960 5285.237034 4.280305000000226 3.5788579999998547 0.06285634825787197 0.0031978548790351224 0.0027513291961361735 0.9487024331855277 0.14708254570759782 0.17205607110198595 0.8639684425116887 0.0629753416117842 0.05422493037051934 9996.023092 7883.423738000001 8464.392627
1909762228985058944 4690.491875 3.9495379999998477 4.161197999999786 0.1064015143930284 0.004986997084630379 0.005184236958124172 0.6883073948825894 0.06366063984885872 0.013464889548358894 0.744992745462772 0.023957485294857084 0.025016677391785147 1918.538666 14774.937054000045 1176.4912677999998
1925321658551399040 6714.09915 14.786856011060081 14.22130399999969 -0.45219682365144315 0.014583388247235762 0.01674609422164397 1.1312708003358696 0.08957614463097485 0.08302897464874581 1.1229643069730029 0.04286704891659543 0.06409281031622349 776.879 554.7679750000001 491.9751235
2033123654092592384 nan nan nan nan nan nan nan nan nan nan nan nan nan nan nan
2048464796210957440 5747.589296 53.062205999999605 52.64648800000032 -0.759937548344467 0.058273421450870555 0.07235097597906992 0.7408965039942028 0.1968494665053282 0.06076990372504698 0.7376709230305163 0.0322804186410135 0.025078233874616718 7948.682444 7880.661762540694 5588.992914
2051027792165858304 4593.43098 9.419687999999951 9.109086000000389 -0.1636360953493138 0.004908060534470127 0.004878944269595814 0.6558325457075979 0.0032108079274429935 0.0032244267499438317 0.704953364838369 9.006083153351163e-06 9.168468151243836e-06 4244.72984 780.0 780.0
2051368434612892800 5545.691677 20.515670293990297 19.68999299999996 -0.16359149634946002 0.01897693968023123 0.019143537079667206 0.8819008825204023 0.2277336326828735 0.09123332700702214 0.8305898016690966 0.062037283444773994 0.050117833442260284 9400.501733000001 6303.494466999999 6196.016770000001
2051866238502437632 6090.424614 3.3499400000000605 4.562126999999236 -0.03651592243109161 0.006071573303548905 0.006630398104112187 1.225820304439345 0.16801538903937852 0.23115261003467957 1.1109942184907746 0.051464184304459426 0.09116252475994147 4080.431222 827.442564 2676.078314250003
2052136821446989568 5790.562357 35.82215499999984 32.717211000000134 -0.28001549692748967 0.0338781281830709 0.035726373097800246 0.9388835745958349 0.254397825434136 0.1326196631785399 0.8588749881856116 0.05712410034689064 0.05039826956915194 8413.983272 3812.0490179999997 6366.63605778805
2052139123549626240 5341.552863 33.540202000000136 35.38093000000026 -0.6086934525314338 0.041904255201990925 0.032501388492463645 0.6858286952845978 0.06023198223456805 0.03151417326696826 0.7187132999849177 0.013252548891458438 0.013960372027550072 5780.7578300000005 7781.4064 4069.0577550000007
2052826318309391104 4787.034462 8.967348000000129 15.18970199999967 0.5972433833060002 0.001629838272591 0.005827045583811086 0.8738714230461763 0.025956032137660623 0.006241943442778508 0.9999976391332764 0.06299114524156646 5.134482932156459e-06 247.3846442 350.0 140.0
2052975370856687744 5591.774829 40.16435900000033 40.60966499999995 -0.03094119749659408 0.050292473191644524 0.048436656976618114 0.9800163136872617 0.24815218933498961 0.1300433077692852 0.9074510391634408 0.06124144034990686 0.05579501231712847 9072.222485 3911.2119650000004 6262.0045194498
2053562475706063744 4130.583766 19.95485800000006 18.475727262464716 0.4089227613794762 0.04668579456783328 0.05560920364936983 0.6579522590681919 0.026016049132432717 0.025235917631429072 0.7268876954401489 0.028965305500482597 0.017957944799155467 10323.763695 6233.068765000002 6815.3602169999995
2054523105274216704 nan nan nan nan nan nan nan nan nan nan nan nan nan nan nan
2056007995732413312 6031.570851 1.2981539999991583 1.841235000000779 -0.22006081666435717 0.005839900444811752 0.0026555326489305364 0.9449543230271974 0.4779003017937967 0.12986411112453056 0.9436757231913931 0.056640795334573446 0.0687083530239807 3463.29462 2720.646258 2706.2754559
2073153024144692736 6426.879277 8.721074000000044 8.006236000000172 -0.07320096107244152 0.01146605914698974 0.01085486479044849 1.136482661881675 0.09385465170781648 0.039621234407080985 1.1408350937609975 0.0440022733899752 0.027917828666230937 1194.832668 515.1795480000001 683.3415709
2073274618947678464 5574.57849 24.7126930000004 25.90496600000006 -0.19083627668408765 0.023681504786204233 0.02416338868257273 0.8654960778308805 0.2618635134319087 0.07116901660369113 0.8337039057865365 0.05308788917223872 0.04993816701020559 9003.254941 5645.236289 5414.378800999999
2073652546016392448 4460.106343 18.554066645109742 19.044490000000224 0.3782860587171548 0.0845315707777562 0.09152782907731688 0.7382670210838697 0.04116601908245476 0.039625385761199006 0.7918007918153939 0.054195075265341064 0.04889267623794169 7442.411803 8770.942858674 5429.30684652875
2073697660354300544 4886.553758 10.95535800000016 10.332839937759672 -0.08609423145263702 0.008566017357859779 0.008663917845856198 0.7426248277518016 0.027090006153775326 0.03570817790737135 0.7499206304358755 0.02278010356442617 0.024164922326680438 9678.079442 5369.511708 4657.565391
2076121602454770560 5646.035569 74.78774500000054 67.1611051924092 0.00827226683091175 0.06945146994011364 0.06829664451878238 1.0120131319841037 0.27448455503028013 0.1362374975154801 0.9466200683726308 0.07567490774722241 0.06984345983554874 7631.9035145 3721.287261201951 5145.418069228765
2076185408488670208 5456.951956 18.328961000000163 19.18783600000006 0.0012293954696379304 0.022540097555301536 0.022774998631545994 0.9153112080666218 0.3147677639940877 0.08684010277379983 0.8737107923181339 0.05299673118495807 0.042022737418933254 9130.130465 5185.577315 5204.371083
2076454445237794432 4690.327299 9.85183700000016 10.36759599999914 -0.013430118140107788 0.010237974651864967 0.013427153401217685 0.7125738828309667 0.030787050616240208 0.032662028617930994 0.7448715972047659 0.020088653662460376 0.03491685888090079 6667.856889 9253.493321000002 4456.810114
2078000289864478976 4561.266176 18.43833799999993 18.848141999999825 0.11381017179211946 0.03453093787494975 0.05802258380000255 0.7101570140099035 0.04060150062975554 0.02552736733437999 0.7438918344980141 0.03188149917047922 0.025972639384646223 8301.173351 7364.367899000001 5236.145084
2078648211455026432 5302.019184 16.264743000000635 17.28129499680017 -0.20930096696718536 0.016139281253854998 0.01583527761856257 0.7819151594230405 0.07371134566388882 0.06070578785578318 0.7587319415816198 0.05942607259564636 0.03102102257302297 10592.23098 4974.1314600000005 8382.805518000001
2079807646464016256 4814.778036 6.566487715340372 11.24626699611963 -0.3649514823650677 0.006272409509636867 0.0031820038431703 0.6463666183566544 0.002041748129539833 0.004646134848631522 0.7029789608365592 1.0893603257788875e-05 5.673846423026596e-06 1616.755472 412.93958 806.9395804
2079880695265507328 5656.33939 10.983950128649667 11.657938000000286 -0.11869737912601133 0.008707806569095103 0.009668657882814319 0.9079173004480179 0.1325611711152137 0.04561723603466816 0.8968542044140566 0.05510576843798709 0.058147149967321954 7256.099804 3259.122666 3756.9927030000003
2080271674728481280 5326.74732 6.58943999999974 7.439948000000186 0.06468358365723383 0.008176248453125604 0.007690004390151772 0.9909519370014436 0.1408668987184275 0.16236755292534377 0.875815142024031 0.041063083304006764 0.05901413704690561 14492.90016 3335.3454800000018 10368.62846
2080296757338392576 5803.001764 18.813482000000477 18.861296250210216 -0.4164550090662123 0.023422326624590428 0.023247587236278233 0.8510545039021837 0.27849977627863365 0.08924707249952557 0.8109051138705948 0.053053195415011634 0.04045190186516523 7489.218658 5702.4699120000005 5433.445589999999
2080466185207274880 5510.227263 28.19103894700038 28.98245599999973 -0.3801031824433202 0.0304014689678877 0.03672638552351809 0.7745589827866826 0.1610523440420527 0.06068076427589619 0.7644632738424413 0.03748747021265897 0.03869590819968827 8710.277638 7983.800832000001 6088.043583999999
2080605823183999616 5819.041187 36.121759000000566 35.987858999999844 -0.07611609898210948 0.04365426704769536 0.038980005479730157 1.0416502386025752 0.28367435061854085 0.14964473341787565 0.9566383877130361 0.06129048263033543 0.06006066613041072 6855.202687 2615.7064579999997 4598.639112
2082161219824397568 6769.11937 10.43474525116926 12.419533000000229 -0.48865373555414787 0.008719247433965183 0.008108375735370599 1.1341131725300069 0.053501801560873474 0.0991719842187293 1.1408892051681665 0.0420644457292243 0.06100506309386167 663.9835998 281.18760640000005 511.4617031
2085204015173031552 6168.873982 21.34979099999964 22.125294999999824 -0.31670107816941084 0.03226889829512064 0.03272730534324125 1.0352443904311668 0.3834543277719309 0.1244878749859325 0.9688779098587301 0.08702014051581108 0.0641418840650898 4599.254228 1804.1268936984252 3394.339685
2085527924426959104 5045.054877 13.53560600000037 13.33900199999971 -0.08354202403512918 0.014453223369411808 0.01207080880979132 0.767331769871806 0.051060087723507896 0.06441261768376494 0.7587062716806595 0.04621571213111464 0.03397029058368106 8972.178918500002 8709.8141415 7313.412979500002
2099583977992504576 5848.69635 6.650117000000137 8.492889000000105 -0.3063443271960148 0.008471116061853523 0.006468409547063125 0.8864965328939423 0.43836358762228467 0.06652648711445441 0.8733177874415565 0.05481004172741433 0.06267284601075873 5984.542178 4596.458042 3367.066493
2099854801450635520 5185.438522 23.404582999999548 24.594598000000587 0.011457402331780022 0.022932361218145448 0.022190515304801817 0.8341210743801653 0.09535340269270809 0.06647035188667849 0.8227633922376953 0.050713776331004046 0.05003781182444311 10473.23836 6145.982420871449 7691.265587576096
2100524610190045312 6198.775012 13.372161999999662 13.614520000000084 -0.14953919494785675 0.009471533107612035 0.009616855773219801 1.1547221451083236 0.2762755053324384 0.13518481685329276 1.0746761148258006 0.048559392187421446 0.08099951745521339 3638.870694 1490.4572449999996 2059.8829570000003
2101035367703145088 6504.868459 31.66577799999959 42.517729000000145 -0.2728088651397949 0.01848311276927067 0.01841397453532989 1.1356682181944708 0.11749195940233603 0.0890337088861668 1.0978972796742246 0.06868713639334367 0.05502272334221514 1452.764304 1088.737264 929.7990115
2102070660978313472 5702.412381 6.851800999999796 8.299143000000186 -0.4448054813641798 0.0070888273933201185 0.007585683243070296 0.8601278264951662 0.3645981793883031 0.0922834251367346 0.7667429249409281 0.058091819415816204 0.043258835151576136 10687.4329 5985.840650000002 3890.2097809999996
2102119176929154304 6057.507299 6.717188000000533 4.212182000000212 -0.08961582269669537 0.005815526879771243 0.006350658719231281 1.1577345707022781 0.24835042673844154 0.14863927359570273 1.0573776682921925 0.053245532652958616 0.08253693177819121 3924.927644 2161.3127740000004 2476.300136
2103845032226500352 4773.809577 23.691275000000132 24.171980000000076 0.23350795237975477 0.03629939934592355 0.03694622464498795 0.7835641549054793 0.05691454541141139 0.043773445093370666 0.8107576119853199 0.05522333255684486 0.048989507817605804 8543.070471 7319.784448999999 5602.517808549243
2105221139747765504 5230.614919 4.99529000000075 7.455315999999584 -0.009879026495558463 0.0004194994453468794 0.00040066705176558526 0.8152134091915549 0.08454536741489671 0.031021849640838095 0.8488987054446735 0.03352819063898249 0.08228742245236542 6092.74723 11219.38236 3702.2463709999997
2105274977158196480 6720.179296 10.456761999999799 6.922720000000481 -0.19319860894936008 0.008086120467587998 0.008819209707922993 1.144245477694002 0.06733851702640381 0.01993387207623787 1.1449406510482127 0.034942050173445205 0.015003096268161542 486.3010241 271.7709755 359.0221173
2105415302330571008 5660.568302 33.61649200000011 33.831638999999996 -0.04953330185970976 0.02934142075225912 0.03428902537691678 0.9820347203770482 0.27516777075173826 0.12293304903234192 0.918697343522196 0.06009846010758624 0.062118695489638664 7908.356351 3928.536419 5386.193526000001
2105538623730974848 4893.1388 14.129300999999941 13.857040999999299 -0.08977126145412673 0.012650026384042307 0.02138671452202892 0.7423074152993208 0.029142009581485828 0.04370346394290214 0.749904932381479 0.02278404303453818 0.03294942687647673 9201.854451 6249.855065136113 4481.340399999999
2106371744306291328 5331.838849 23.597351746620006 24.4102869999997 -0.09068748322782101 0.028330871124429294 0.022575296655517038 0.8355956098995267 0.16513898840847263 0.0736318793601225 0.8239520426323462 0.043816694484942964 0.0554943300990397 9932.860935 6776.626365 7615.95556
2106496607595412480 5622.075086000001 1.9290786973297145 1.870031000000381 -0.6352242798103988 0.007011439909673567 0.013550423537573075 0.7297710884705856 0.044979292977219476 0.04061326555553646 0.7378068789904982 0.01726255512652719 0.03212972097933742 7444.696603 4115.108667 5033.334688000001
2106996095111385728 5380.147978 168.7828129999998 177.36159107709045 -0.21307248910933732 0.12173699216231906 0.13539291373669746 0.8037077195373741 0.17131089198586313 0.0817153599958591 0.7822718113719773 0.06997931090944398 0.05038877080086479 9510.542498499999 6817.378148197702 6647.9559715
2107244481660894592 4656.218501 18.039291999999477 19.366243000000395 0.13663231319466182 0.01981019591292521 0.028804761646390523 0.7307652905502166 0.025701787039113855 0.027955105620639853 0.7518539148358555 0.047955682766095076 0.03097150268965876 9317.877376 6331.939414 6484.10781021788
2107279803471399168 5511.917298 40.021740999999565 40.1192349112107 -0.04856697670858915 0.05043676903094698 0.04902987828930356 0.9477317464356988 0.23647227767329781 0.12001339495735486 0.8761770991905887 0.05794026041928502 0.054340539942687616 10344.66862 4465.83224 7216.446148000001
2107311723669410560 4648.547241 5.284614000000147 3.3162520000005316 0.5866177816471265 0.005577276367319861 0.004784112697185816 0.8084736253213478 0.023911594402939995 0.056720796022475595 0.9159861721381529 0.047008246945854926 0.05699467246493384 509.1685448 354.33338109999994 294.4666189
2107622335702262400 5315.025922 10.658760000000257 11.66569199999958 0.07365060096763928 0.01476374456271412 0.013228795698193685 0.9611701704365729 0.18976803933240172 0.13888463525940742 0.8815980322759036 0.046750147650233886 0.06420671560002011 13418.25809 3536.779590000002 10092.082669
2107658516506930048 5690.992574 37.951600000000326 42.11096600000019 0.09446900846097903 0.03279606267412624 0.030847150526491146 1.0721792425824002 0.34620141601534415 0.16144740743456576 1.0099132833945001 0.07141273892715283 0.07232418279623964 6651.457421 2790.0364446235244 4656.850964
2119534646538533888 5945.215395 13.37424800000008 16.07567100000051 -0.30552142146567296 0.011880934083298655 0.011869942140284084 1.0153316063941753 0.2047921361077083 0.14276875823139357 0.8927842280428334 0.05316735860439392 0.04992729173998289 7480.919982 2482.0768479999997 4581.310921
2119710538336363904 4495.781834 5.17341099999976 4.827747000000272 0.27875090098826943 0.02951979455628373 0.035958823638343296 0.7236405749466577 0.030175251758426946 0.035275550389068155 0.7758425865969535 0.039970867226383655 0.04289924668269074 5865.5692025 7576.0620475000005 3880.6096305
2125751461382627840 5766.442655 10.281105000000025 9.01807800000006 -0.10019403452334544 0.009701469663171508 0.010916347018931405 0.9773441005710933 0.3581807734778032 0.13075785224612801 0.9184418390226735 0.05269972600673678 0.054007632597657174 7352.772027 2829.3387630000007 3853.655282
2125848733801094912 5126.065826 29.27680799999962 15.497675999999956 -0.5819796124587162 0.010562823157721168 0.0402713038205017 0.6344630166727054 0.007769963681222958 0.005136084128435692 0.7069880659594792 6.674375345627759e-06 1.936202302554868e-05 936.6527434 1350.9999996000001 579.0
2126119862195142272 5588.434501 8.433100000000195 9.217479999999341 -0.4352764270992153 0.011432533726767335 0.012461370651265735 0.7780064509682132 0.2076928698160193 0.06227326702209035 0.7577495246593937 0.05023704564878584 0.03250262455381836 9601.224876 6976.0287339999995 5501.29071
2126436800722944000 5787.607415 4.065478999999868 3.690909000000829 -0.248590400462382 0.0051665471548509034 0.0030106881970772825 0.8685978983706873 0.24639177464529516 0.06003491059772137 0.8896253149665678 0.0352733824342667 0.0848479649087528 8390.293975 1865.7881149999994 6000.1483880000005
2126556132093765888 nan nan nan nan nan nan nan nan nan nan nan nan nan nan nan
2126912305142208384 5368.130701 29.347716749100073 34.03040099999998 0.162664872697706 0.033288641277788716 0.03402934743784844 0.9581335994697401 0.2653526662525808 0.10111062347695499 0.9339077291237243 0.0640776517017746 0.06453083102910862 8973.645889 5613.752132363999 6543.772518
2127956360152391168 5168.845808 34.34124400000019 33.176808000000165 0.0010450164857792922 0.029084960160153984 0.040403062560945856 0.8206154405125462 0.09154909044899562 0.06275853994490355 0.8158283580513801 0.05016138705947404 0.049178653662460436 10127.13049 6286.102500000001 7394.269554999999
2127985806448631808 5485.312937 65.43486500000017 62.82845499999985 -0.3042109201493308 0.07843921323220404 0.0713266682592194 0.8077085229788874 0.17653876590923467 0.0790454468514733 0.7777834603589564 0.05359999999999987 0.04479444147000655 9705.049488 7320.831692 6908.584083000001
2128013019361703936 6089.574291499999 94.63822250000067 82.65592149999884 -0.20861547366640093 0.0670568613027342 0.06775276840418792 1.086269852395659 0.29772168534330934 0.1582916346037717 0.9967671479563622 0.08558170559018152 0.0742955618118748 4576.216929 2107.7061399449058 2932.6084949076603
2128198974266072192 5852.968387 24.996839999999793 24.095156000000316 -0.2439775057231593 0.018594440171715243 0.01899298643180991 0.9212396152165037 0.27320737863547206 0.08106793581094685 0.883791604745865 0.06210759311843028 0.046150068372630915 6324.605545 3969.7819149999996 4054.3943699492806
2128273225659492608 5748.073297 30.75539800000024 29.389672000000246 0.06806587023444333 0.033180428989446384 0.03191962540840764 1.0652972562501077 0.3204043037607045 0.14655295035924665 1.0056434638781357 0.07567370469056356 0.06826361771655509 6385.227162 2563.9312299999992 4754.354157
2128369501647063808 4896.102849 18.289864000000307 19.45791199999985 0.006346929528204122 0.020852944451999436 0.02603106952365833 0.7529010221305865 0.060074578581411076 0.0419082078135693 0.7636873822331708 0.043018372630837964 0.04273519078980448 10607.91286 5223.096069885898 6753.697760000001
2129503235571760128 5693.7793315 116.33029312965482 114.62048842317017 -0.08490511372354655 0.12136417148007828 0.12219211833281442 0.9854193644070233 0.27493407597510244 0.13577695569281722 0.9149963073751948 0.09188145161168615 0.07845362363189623 7571.607101 4338.814939 4992.197933216575
2130124219123552256 4777.428808 18.54208600000038 18.623657229259152 0.11292621738440521 0.026767377391370126 0.02820855416608531 0.7700402797667316 0.02749690240802405 0.04678065999567793 0.7749684319541501 0.03982810919511348 0.03708305565331049 10720.1831 6640.708519999998 6431.830904
2130368310704421120 5860.616681 2.9475119999997332 3.4106440000005023 -0.31054596308759885 0.005809085515621315 0.005044152315298089 0.8863909773863133 0.3711051191359408 0.05508778734392705 0.894848044844402 0.03714779850183514 0.08422527273641334 3492.23497 7141.169090000001 582.7592850000001
2130825020347168512 5135.141081 16.081613666964586 16.226873999999953 0.34736178715103133 0.014413203073144532 0.013900992383853228 1.0023553599671031 0.22785792629272428 0.12030077411043427 0.944514052083857 0.07039871001765363 0.05979804031974256 13371.657455 3885.736095 8521.896798414848
2130889204338693504 5942.930906 12.375664000000143 12.69264899999962 -0.2783672605969053 0.010708348548291724 0.010381720780244241 0.9710344464765323 0.25933628254455743 0.11545314331395184 0.9102603106932783 0.040610271982303714 0.06263573827359104 5901.505142 3145.441285249999 3643.325698
2131059594280288128 5759.627825 77.46570000000065 76.19985799999995 0.2629247321807208 0.07550677410361195 0.07652647622801734 1.1390368504028712 0.21772858346748092 0.12831570090634914 1.1068788778844703 0.06049561258860803 0.07102475994168223 4523.7051145000005 2521.4149135473053 2990.2170193797056
2131748747552136960 5638.110956 13.67207899999994 12.217257000000245 -0.2980949989114453 0.012883447589889185 0.009817408785646686 0.8844055714671866 0.24361128537761179 0.08336209216860191 0.8125732436780453 0.05323872102961136 0.0480408586798049 10979.62835 4864.77103 7014.766133000001
2132144056342471168 4200.263875 4.833286000000044 5.234456999999566 0.48019771867257927 0.017814626630117514 0.01687203726514913 0.6742818666356102 0.044929993041057825 0.023742842210297987 0.749894410537429 0.07007780067115787 0.04095432557438039 7854.381059 8522.431701000001 4557.056143
2132152916856093952 5869.911786 15.153818000000683 15.61870799999997 -0.11280814081217573 0.01238765272902942 0.01255011170739502 1.0404632277414494 0.2995376022993266 0.15646927583866754 0.963329388165502 0.05436288522447341 0.05641009501784722 6238.739148 2687.435939 4250.266808739001
2132614922197436928 5549.181648 19.304119000000355 18.201194000000214 -0.4427005980230226 0.03353681795426389 0.023857234419530804 0.7706881822351432 0.18759523003329936 0.0574998150272894 0.7557807556181187 0.03913367955356695 0.03086785229500777 9355.647926 7861.432054540897 5704.913871999999
2133035966431029376 5473.108845 18.242177000000083 21.39549199999965 -0.259954157386444 0.019198296928918668 0.022573684818364803 0.8325758181070527 0.18743774766070265 0.08636983068490944 0.7829542597154493 0.048566421497159395 0.047126449178603536 11602.39872 6310.317348073297 8625.215613
2133946843094378752 5454.464528 12.992639999999483 13.405187000000296 0.00949689540993576 0.016836493989302457 0.011282235435651872 0.9162308503999954 0.3068540131817319 0.07908388357862173 0.8756156578352018 0.053626808104167756 0.04000795686491376 9215.624947 4729.216763 5162.988496
2134850847813263360 5595.216459 24.949700163209855 26.26418999999987 -0.10089159382272143 0.02166432190513759 0.018548853676936122 0.9040729794624937 0.25858276914140454 0.07709695057425658 0.8742502357850285 0.058500283545321885 0.052933709215223 7438.762246 5932.456520276293 5250.57638
2134931077802625792 5228.268707 32.258232999999564 30.468683000000055 -0.4454467894499945 0.03485712453054024 0.030244762172767503 0.7020839497173289 0.05300162916889528 0.02647170296768986 0.7237672334221507 0.019183835905686064 0.016120239304207806 6846.484633 8197.252647 3479.69792
2136815881249993600 5829.007261 14.659972999999809 15.32587699999931 0.09566801487817411 0.015143142850352759 0.01246215625729076 1.0918242575211212 0.23192438821695793 0.1103286960034967 1.0547726368709467 0.058374605600522766 0.06604905020111618 5012.006426 2353.7886630000003 3086.3594080000003
2139300262131379584 5601.10779 8.396152000000257 9.721674999999777 -0.1980430599306237 0.014679073731425407 0.009079865339771953 0.8934405179379676 0.2565548963803168 0.07568200114161161 0.8305218053390981 0.061744481423759434 0.05265739630988897 10003.56173 4490.85749 5451.09391
2141754578242371584 6085.050455 4.218316000000414 5.402520999999979 -0.07420279336965484 0.004559623865457066 0.00592799445403 1.1927054240928932 0.22705423920357504 0.16418504646963084 1.057484008848223 0.0797477291237243 0.02070582223116002 4311.102123 1458.7447550000006 1717.5780609999997
2188906825165621120 nan nan nan nan nan nan nan nan nan nan nan nan nan nan nan
2221164434736927360 5314.877109 9.52360200000021 8.359269999999924 0.17976704333703758 0.010156187128501665 0.008358942586532275 1.0410766462786913 0.19938355489800252 0.1854260429786574 0.9533694198381177 0.03248504097330451 0.06404868131315666 12289.50748 3045.1174900000005 9493.523795000001
2254929887069708160 5802.962189 1.3625330000004396 1.3825200000001132 0.2937011804888281 0.001741297102713757 0.002254264916597193 1.1645266249992812 0.23116076436216404 0.10273985475364777 1.0627949891910915 0.08769978784374843 0.012227171585138974 5502.853258 748.4293419999995 882.2465430000002
2296342614570999552 5769.108414 1.9084189999994123 1.9582730000001902 -0.07627346716123101 0.0055795974391132375 0.0019128374729950742 0.99952248284707 0.29097923460262154 0.0945992082046504 0.9426084123472926 0.04954196822683643 0.07318453672515202 6896.690475 2648.084188 3136.3860240000004
2300641567596591488 4999.463838 8.493961000000127 9.579117999999653 -0.2146049989256012 0.018934463150049596 0.019783465730383254 0.7062252401122633 0.07933392815035911 0.033358686312738306 0.7369836498919109 0.020014374842893812 0.02302243728319331 8572.571164 9477.958975999998 7739.9281636000005
2303332931542914048 5934.408541 7.9669730000005075 8.125661000000036 0.2843894086869827 0.005415120425307951 0.00533718874283412 1.1209498697355027 0.18753556465202403 0.07049091771769711 1.1325546981046704 0.02896738606063054 0.019695833794178164 1767.399673 2943.417432 906.7115866999999
2340919358581488768 5750.418322 2.251999999999498 2.2239400000007663 0.0435826671726532 0.004463625963733606 0.00504405599970844 1.1082277250585184 0.1587225323073207 0.10261449790431953 0.9844662681614801 0.09081980068000617 0.04792168417877429 8603.396682 936.8998539999993 6426.437785
2385171398768647552 5392.003578 12.832817999999861 13.410785999999462 -0.13638972708921865 0.010196740459081505 0.008855405503318231 0.8757943992017345 0.12109487496908733 0.09772226933406947 0.8263267744205922 0.03243323211502691 0.058864896184203874 11437.2987 6201.171870000002 7570.344722
2415410962124813056 5593.43672 3.4768760000006296 3.7261439999992945 -0.05561031115114823 0.005067991571394974 0.005362580213039682 0.9816266203983276 0.18603046751439234 0.12040970858710476 0.8824462465436629 0.05603138953815301 0.06291270122165793 10303.63645 2477.9024200000003 6982.77851456797
2424406513428936832 5368.373593 13.288571999999476 12.64275600000019 0.09026715422391371 0.01257996214963665 0.012837787260536054 0.9128369698119936 0.28728771272221154 0.07142479511378741 0.9083390935599014 0.048863637575788155 0.07045027097682355 9002.803563 6575.272667000001 6190.785223999999
2424621502311961344 6020.227311 15.448045000000093 15.055406999999832 -0.06887441413833187 0.015468403443824948 0.016059859128761275 1.1243049747810234 0.30127254195469333 0.14574844818463628 1.0432941370469058 0.05752189734050561 0.09166366044944962 4939.987837 1654.914938 2997.6776149999996
2439222638771000448 nan nan nan nan nan nan nan nan nan nan nan nan nan nan nan
2441013811932929280 6426.617909 4.065896000000066 5.9862569999995685 -0.36182074818690785 0.0054129766693939985 0.00500932026501788 1.192949494470229 0.1585001250884246 0.1904967376363753 1.0574306264139561 0.07340277763812786 0.07544760142778151 2540.983063 1487.5005569999998 1954.029704
2498515516990171392 6048.1743 6.280993000000308 5.578940999999759 -0.2958917844085525 0.015072823625406073 0.007698016703963417 1.0178157139817228 0.3909005361548681 0.15354577517440493 0.9643512603690112 0.04536882660499719 0.06563143582524766 5206.1365495 2299.1580704999997 3828.6794285
2507901914613201024 6119.836532 4.627913452699431 4.545906000000286 -0.06617457638629606 0.005079623881104257 0.005497117254875547 1.0599671204357104 0.4087027769630256 0.04281127851872313 1.0726194004826302 0.07054651777185672 0.07488450329294638 3313.750295 732.8988239377859 2147.824036
2512413932376364288 5716.206132 6.978707999999642 6.794170000000122 -0.08052121232405994 0.00845118753116228 0.006576495294512458 0.9753673329422523 0.3694675664406448 0.09740712975264121 0.9167832668040822 0.059749779297169625 0.05193117440048256 7930.486354000001 2794.8402960000003 4903.878555000001
2538824923230146560 4389.074885 13.192808775729645 12.201273976000266 0.3490181907140217 0.06908882633097446 0.05686186230804996 0.7184193362261829 0.03772411402888243 0.028063871156047138 0.76480298526972 0.0440201512303805 0.04085987682871661 12592.6014 4333.7553100000005 9431.696355
2562569564026683520 6291.665419 22.197240219295054 29.1811946015996 -0.018742029382536718 0.02114992940456028 0.020492752839850553 1.1434173572410382 0.14334379216342596 0.09687486987928251 1.133641978281635 0.04318194962545863 0.043169914031471635 1639.4463 1522.2514879999999 1130.5091778
2641087471777046016 6004.428651 32.29817600000024 35.07857700000022 -0.5186456124449236 0.027963356081927015 0.029249359491431037 0.913225728029009 0.27794991179109374 0.11347789637214811 0.8456810989894927 0.05115690060831535 0.05881405560303643 7223.897103 3198.002116999999 4950.602756
2645727449501559680 4250.234261 4.526303000000553 3.7284029999991617 0.3275864911919439 0.008665482139097236 0.020696352178571964 0.6935750682954043 0.009900599993098558 0.028781524583469942 0.7278789588255996 0.0390423563420641 0.012967265094766645 11912.15598 5239.677970000001 4743.023184
2657135741633337088 5591.7046 127.75222057948031 128.957813 -0.2456689559121601 0.1261031363416119 0.1289010705077479 0.875929296284155 0.24231424017067482 0.11102029926327239 0.8205896020813432 0.07498504021919472 0.06359553039062882 9382.4876585 5876.9378015 6309.6115185
2657374606238804992 5035.004895 51.25090012386954 43.828833000000486 -0.20608220454150494 0.0414402067946856 0.0321925182751544 0.7262163837080234 0.05655365804562995 0.03861728218798344 0.7437849796390327 0.029891091448393747 0.028920480619375577 7607.855219 8775.622442905496 5561.1843659999995
2666015878575546496 5049.386241 24.97198599999956 23.30675700000029 0.2755856562377124 0.02771451722658652 0.025821911903534167 0.8770220505012164 0.12436440759847478 0.05454621298389095 0.8989068362576039 0.051861526175898676 0.05612586848323364 9247.696802 8640.472648 5864.063357000001
2677447294810845824 5027.049891 10.42084900000009 10.759817000000112 0.4512468200602889 0.011363822149057401 0.00951088655337079 0.9437584558337215 0.16181474174272625 0.06751927066259478 0.9914418334925343 0.041102869136795395 0.07678632748479208 9565.21066 7283.6110499999995 5880.839295000001
2790691147020786816 6302.925927 4.960831999999755 6.536232000000382 -0.07868792662977259 0.0046164004070888 0.004249284132290143 1.1365728246116507 0.21773616033172893 0.10513617413458931 1.102832544366799 0.06104437132371432 0.0520106173646373 1703.368838 1666.6190370000038 999.1725465000001
2831084391023184128 5635.638379 17.38090800000009 16.287960999999996 -0.6706539274527872 0.019100517276007478 0.014531954162188887 0.7367611068456438 0.07266799682721958 0.0542122671486166 0.7387479644060128 0.028179295661354353 0.02589086270172436 8654.447517 4725.134292999999 5711.441529000001
2841043011433969152 4477.767723 2.744889000000512 2.7816780000002836 0.498958844911592 0.00115714499914793 0.00108136042167839 0.6947889456339826 0.10430029129787144 0.0012904405125462315 0.7669680166909658 0.10290544316525063 3.1255341611524656e-06 3274.438191 6094.443684999999 399.0
2868528637464028160 6053.691684 23.83129899999949 20.465376000000106 0.17040867779853086 0.038952119288042764 0.026689066136066808 1.1470581462758156 0.16743189236325517 0.09705599863696746 1.139642619275049 0.04135420290583669 0.043136122073445415 2361.78872 1707.4572451097197 1660.7100837
2878641361300809856 5988.900159 36.02395200000046 24.431814999999915 -1.1830280946181415 0.029007624797452225 0.0214467811303245 1.151892886494476 0.3256352384809662 0.21610957559079114 0.7264553034035494 0.036841745010306126 0.012268821074857938 15207.15492 1955.4367500000008 2617.399950000001
2881784280929695360 6499.882843 14.695646000000124 18.062778000000435 -0.04492709774904205 0.011428609721842335 0.010345982705979855 1.1268977478332385 0.05863447767674845 0.026696658557486153 1.1629661912422704 0.016979434417575767 0.036049178020210126 405.1510453 623.7864176999999 256.0873495
2912264564319611136 5085.696953 8.50947337424077 9.27481699999953 0.17528809378554422 0.011820732198780132 0.010458869242773255 0.8409921545115225 0.04802280218200217 0.07060724492025972 0.8609279412799759 0.06098555879543521 0.0569554969584235 6569.618861 7613.8562090000005 4151.360766
2924661867160818304 6247.365431 2.5411299999996118 1.6476010000005772 0.08014337982084575 0.003511240971713861 0.002408094607703082 1.1977303798087153 0.11208515387314022 0.04442434148852348 1.1849385832788697 0.0016843828867327826 0.04839247247498846 1980.307438 783.3447570000001 1507.943927
2930141657016297216 6183.419767 3.653263999999581 3.2318850000001476 -0.12865645627562972 0.0031368230877791003 0.002485754916208782 1.014195662451043 0.4196359123115765 0.11824944702289564 1.082956396360163 0.027641679654114792 0.1370123648886432 972.9795635 2970.9466965 420.4526972000001
2959177048983750016 6258.699115 11.440546999999242 10.07394100000056 -0.2193254084839596 0.00823930536015377 0.008174255607265618 1.1197973636536172 0.2861439265975374 0.10038869315665666 1.0577595002765068 0.0728632894273793 0.08685379985140496 3337.834545 1442.7585159999994 2196.127382
2966680597368750720 nan nan nan nan nan nan nan nan nan nan nan nan nan nan nan
2980392087185289216 5843.595168 9.614572000000408 9.468665979509751 0.06836221647753843 0.01046084193638308 0.010968418505700094 1.0735360542222376 0.2693975613508399 0.06943876734703269 1.0349209069428384 0.062035506007742214 0.07125022120557023 5418.879223 2003.7791690000004 3403.255661
3022644120017418496 5247.256807 12.8488440000001 12.42840999999953 0.3359233789385733 0.01245462647011747 0.015835535998095673 0.9882972319513219 0.33628795211557594 0.07706086400156431 0.9867536338042331 0.05538131868684326 0.06834191543914336 8758.725398 6988.177792 5240.051044
3046327742219111808 5919.231529 21.092594000000645 19.414836999999352 0.04713915759971222 0.01694805079939537 0.019618229793473378 1.1373732391288094 0.27019230346739365 0.13403275260672776 1.0645797511437334 0.05721239505303899 0.056970519330350466 4731.030994 1793.111422 2798.651516
3078836109158636928 5283.85369 6.16982999999982 7.1998109999994995 0.1659080670976791 0.009538206296801022 0.006140733699828843 0.9755034055683041 0.1998293158382074 0.12175327889830168 0.8868464742848524 0.05568055653310544 0.06031058267558187 13402.17716 3491.580320000001 8476.92757
3080104185367102592 nan nan nan nan nan nan nan nan nan nan nan nan nan nan nan
3087206553745290624 4597.191651 0.0 0.0 0.5844482864159527 0.0 0.0 0.8373034899670456 0.0 0.0 0.9719983892212559 0.0 0.0 135.0504124 0.0 0.0
3105507886130792448 6300.160619 10.094943999999487 12.294797000000472 -0.3316351284201326 0.01004860519274653 0.01095873236008671 1.1207689734697517 0.25411024459819287 0.1318937717466946 1.0248141129153887 0.07931789100598285 0.054142810316223255 3668.217819 1065.1238200000003 2262.297617
3107255598526406912 5253.639607 41.246110000000044 42.01578299999983 -0.47652843186307287 0.04158525161136989 0.03341094619149215 0.7006906349028336 0.05678590871708167 0.027751166629283897 0.7237233331657533 0.017253198934191416 0.014031430534000355 7155.459342 7850.349248 4311.856738232741
3107267177757848576 5350.0992 12.480975000000399 13.606383999999707 0.15519531308270276 0.0113435732230866 0.010846896914721599 0.9261839830742421 0.2670348880242931 0.0851279083777613 0.9248952129103614 0.06809619476145001 0.053048379669197065 8292.788391 6627.719089 6972.91502
3125611120515388800 6189.258232 25.89897000000019 31.973133999999845 -0.3242266780908517 0.01184005735705268 0.01278475231589854 1.0301095077267264 0.3568812364487539 0.11688920530029845 0.9813094560353929 0.07492405057563711 0.07467699462068278 4189.818386 1925.4755750000004 3097.9430519999996
3126717023056016256 5878.631455 7.026291000000128 7.2468049999997675 -0.06818818952802935 0.008575088134628782 0.00870347372334905 1.1575023602891699 0.18467924912438116 0.24328771646048641 0.9895451601226685 0.047007393796189345 0.07320137901563506 6911.990945 1606.9837180000013 3134.2020249999996
3211188618762023424 5875.460129 4.036626000000069 4.747994999999719 -0.3438372248111028 0.005851782916660608 0.0048588566448066195 0.985967500733277 0.2685054406275701 0.18375258731747157 0.8353637082097431 0.06360714443718252 0.0438569146850335 8059.542178 2934.1658719999996 4423.224269
3222453935725951488 5735.510346 6.9817370000000665 7.040444999999636 -0.13634167316584697 0.005463595826556783 0.0061398701040447645 0.9619734930439333 0.35654110750703094 0.10592925818250831 0.9015928465134986 0.07704561811874722 0.042656070584686456 7145.720276 3014.7302340000006 3178.804608
3231856379348299008 6198.872542 14.542583999999806 15.284881999999925 -0.21111217783888198 0.0120555504535797 0.012147982927810302 1.127603303484647 0.26010035341074444 0.1666483691057471 1.0272708948770801 0.07444789050324263 0.0513065733246193 3861.280121 1441.1895380000005 2467.009806
3291455819447952768 nan nan nan nan nan nan nan nan nan nan nan nan nan nan nan
3326541506073371776 5765.617284 43.99924100000044 41.54132424485488 -0.011406456847508038 0.05204999822466303 0.05093127665264626 1.0201790612041846 0.3147011203321888 0.1159066239353106 0.9702257603941481 0.07009870041727406 0.06553067920164901 6561.7254525 2976.8059349761106 4512.5227655
3342228616422593664 6331.291548 12.745813999999882 11.504162000000179 0.04190963118221849 0.011659490898205324 0.011731487422526617 1.1220341212466283 0.12163526616516274 0.03984617718272099 1.1387127826655272 0.03918601729425353 0.03583940777235939 1106.726253 1194.971535 554.8368319
338382713564401920 5748.70374 5.586271000000124 4.779238999999507 0.019567778965123645 0.007228477980516249 0.0076423274579090344 0.9939831123437832 0.27044865968471976 0.06584661240417078 0.9958559901462973 0.04869640339852177 0.0751301080890856 6765.544346 2436.1133980000004 4958.817821
3385777286999240576 6475.786048 15.31127000000015 13.370828000000074 -0.2340305162867643 0.011633356436203335 0.011362299151334077 1.144439554253869 0.14192182979922596 0.10931001785745087 1.1008652475994167 0.06897249459554589 0.043105862450354415 1490.135168 1080.709904 930.3415675
3394923127797114496 6579.892722 14.013883000000533 9.203856999999516 -0.283692454384388 0.0041872596976096355 0.004033522743964069 1.1039700457794879 0.12203034760204035 0.04726485187805185 1.1246391176914183 0.04329147906088182 0.06270568146397881 563.7206262999999 612.7623497000001 306.21438309999996
3402980516507429888 6189.432645 3.1199360000000524 3.407223000000158 -0.23531836004215884 0.004306036300738558 0.004692574611037725 1.0810122379613174 0.38133647837264273 0.07496406353341722 1.0706225493941983 0.011197197727615515 0.1309449881856115 3584.922196 1420.2763559999999 1172.217196
3445148131761842944 5739.311312 70.47731600000043 78.31194799999957 0.015159405566276568 0.06315189522079234 0.06216281985243031 1.0339016717277156 0.30106788591935674 0.13247261460616777 0.9775700040219195 0.07733905032426724 0.07182013317112268 6554.667531 3193.361387742335 4433.917187999999
3515865416826633984 5407.76925 3.652560999999878 3.180347999999867 -0.024103310187887875 0.0059063360099835815 0.003992217579703257 0.8872966135544091 0.46512923143946594 0.08359863912420851 0.8941891312653965 0.05670580966266148 0.07222878387210308 7647.992279 7454.826821000001 6210.769807000001
3537110837630877568 5721.8158275000005 44.37455549999959 50.54123450000043 0.023369791041273562 0.048898191119196056 0.04980845386461211 1.0258379696567113 0.31304337376421265 0.12874431954772614 0.9765243607661757 0.07164070339108652 0.06661840480619374 6703.6218455 3093.209124500001 4716.9336170885
3545873945303316224 6173.14362 14.784373999999843 13.92457800000011 -0.3050302051538834 0.014227589609890456 0.011919286345640823 1.0196968106765127 0.3972205249975558 0.10405006763134861 0.9879155944899702 0.0683864953999298 0.05916646020813421 3843.239975 2395.1519679999997 2894.5740419
3558354604869150208 5382.900859 27.03641499999958 27.696685656440422 0.2555683763073747 0.029892057740445233 0.029104145782226254 1.0226288472598446 0.28104432458001916 0.13652916760123535 0.9845207903071742 0.06259395103313037 0.06705996739076237 8583.042114 4343.781766 6199.200219
3578596339057980160 4397.40268 1.6426949999995486 1.457368000000315 0.4894305440582983 0.005845200815064178 0.005145165629768356 0.7462166095860867 0.02938311205622368 0.014464807306314276 0.852754066663315 0.0062424659393697235 0.0679135940877783 6291.471949 10438.885931 4970.879707
3578783977588991360 5673.248319 46.820581999999376 51.5680940000002 -0.2149944704466085 0.05448650724944343 0.05585307165391298 0.9329414128953225 0.24279711535100545 0.11735169631406106 0.8513342763058669 0.05961761152943035 0.05762485043486998 9703.484963 4110.736226999999 5902.286541117451
3579426053724051584 5556.731792 30.122682000000168 29.443174 0.01967987936620258 0.023877941758413526 0.02691024308196852 1.0097297977880917 0.2344174898060123 0.14116939287542352 0.9295335096274697 0.06067757095056303 0.06889933386958924 9478.454450000001 3567.4558399999987 6416.351113076162
3582057258065666816 5476.961826 19.732966000000488 20.335903000000144 -0.11624918742719191 0.02026697958481337 0.020389048918537614 0.8921882934488172 0.24280841331307768 0.10411550233785949 0.8367927670805893 0.05201054094816748 0.049041108541551415 10449.56281 6147.076380000002 7676.643592999999
3582098107498270208 5443.057563 55.81161499999962 57.811729000000014 -0.0067695260392089 0.05251532823044021 0.061376239872389646 0.9180077277328226 0.25575742550768654 0.09810889565612468 0.8707060791312654 0.060746145644396954 0.054089671330415756 9674.111698 5638.420661999999 6378.520861039641
3582392123779246336 4922.753226 8.760785999999825 8.127443999999741 -0.009359214138276147 0.0099163485313701 0.014213284810813834 0.7692136914312991 0.06527698559027928 0.05588184922395145 0.7788197591875723 0.031043318586295277 0.057903760494696144 12442.25697 4801.938889999999 7516.321435000001
3582706794559052160 4862.94574 10.277814999999464 10.291197000000466 -0.016987592444050483 0.009108482587339992 0.01061472113508085 0.7337574102670278 0.05086805227258351 0.03111477984437272 0.7588621994872052 0.03295193404052088 0.03395129505806638 8601.18164 6268.949939999999 4371.497198000001
3583611726988838144 4573.430822 6.4547560000000885 8.100635000000693 -0.14757279753190813 0.01635009237700244 0.006216607513493538 0.6493276617954071 0.031499938318466425 0.00433849991660773 0.7049799110150319 0.003909318787391314 1.088984968067308e-05 2684.72984 6899.831881 975.0
3583630934082556416 5263.184766 4.702451999999539 5.048918000000413 0.08988592824028369 0.0047802568532384765 0.00643816133703716 0.9022500267430424 0.25097058294081465 0.11166813135147258 0.860220903423659 0.045765477351566 0.043343111457443184 11741.80032 5750.078670000001 10413.981217
3584368019189709952 5267.686269 19.40914800000064 20.12661500000013 0.27884618563496166 0.018671298735857822 0.01774093536442234 0.994114386750404 0.28080667555225836 0.0902360545097971 0.9507354351214117 0.05851772258810506 0.05277260871751044 10845.81618 4299.30596 6925.359474
3594882751966012160 5290.667642 6.719554999999673 7.195056000000477 -0.21334152521368097 0.005058537581772438 0.004004806843503683 0.7681403108231681 0.06501011720929162 0.041621492060479603 0.7527223648886432 0.039868419385651666 0.03500910562565995 11352.90227 3258.820739999999 8237.793205
3595647565382917120 nan nan nan nan nan nan nan nan nan nan nan nan nan nan nan
3596003497911958528 5425.713176 19.014210999999705 19.867409999999836 0.02806473749259198 0.020425784414796984 0.020401319674138895 0.9083780777503637 0.26865179739125933 0.07322738415661645 0.8856866085164145 0.04551569101603736 0.05288704489467588 9002.403904 5869.420446 5718.166894869281
3596508242468505216 4164.489668 13.292811333399186 11.850374999999985 0.2916024097746934 0.03065467110437331 0.024655021547562106 0.6532494718968006 0.021461622727560248 0.013364176975678155 0.718930336333015 0.006970931010029657 0.01304587300789306 12352.07812 4380.616810000001 6335.000002
3596876269626641664 4499.779142 4.948930999999902 5.399104421439915 0.45930078465383867 0.021165738358041974 0.02499224849746856 0.7724136551987899 0.028509067041644465 0.03677746307448371 0.8349095897642149 0.047866235483384534 0.04594414056608509 6509.12749 6727.40341 3871.7529559017607
3597570989175080576 6074.180515 8.175388999999996 6.884849000000031 -0.17979514592479934 0.007219819365490959 0.007015708569918483 1.1186893342707775 0.2221673535027635 0.15993242211899783 1.0208077276155045 0.05288245890101062 0.06393254386405922 4833.089359 1054.1693360000008 3012.1279749999994
3597981377595128704 5721.130149 3.78367900000012 4.310925809514629 -0.3854984337949926 0.007521408037763522 0.004050652486614292 0.8738576545489053 0.2175392051565187 0.10648114270432552 0.7918870177467195 0.039051179427882055 0.031125988135337512 10495.20878 3882.2133999999987 7367.365591000001
3600851450836925312 5381.712792 30.521053999999822 30.98402200000055 -0.025397573642518337 0.04900834705536736 0.03544946190510004 0.8860577599394974 0.24166023194557074 0.0853331580754807 0.8536146433060178 0.05253952714181287 0.05172946005731238 9809.2288925 6892.644667500001 6287.495053499999
3630680754621236096 4548.016315 3.434866000000511 3.013022999999521 -0.10522406817670416 0.005306058740163724 0.00808032528223282 0.6435500622566527 0.024822739001343685 0.005168115679474505 0.6999925745311949 0.008931176914182326 8.597355587891542e-06 1349.81987 5328.173566000005 800.0000005
363702817083391232 5657.825988 44.86014010048075 43.93771099999958 -0.029445420969133676 0.04503938207224107 0.046498956320142296 0.991273106132496 0.2741834115495436 0.127089033770999 0.9317772781660048 0.07011806998139858 0.06545200593233125 7782.026826 3753.581563999999 5256.933605
3643098875168270592 5330.9584235 17.41808149999997 17.568625500000053 -0.2167744470714757 0.01632290446936649 0.01673596103484512 0.7930505151630175 0.08303727376248726 0.07002712463408034 0.7668250585692021 0.053776814137046824 0.03911413956060528 10023.19182 6473.550090000001 7238.064404000001
3652176997218325888 5659.616315 7.877512999999453 6.7202699999998 -0.6292477658055634 0.013058308836985333 0.008262084796315738 0.7480316026559004 0.15801992802383302 0.06301998251637653 0.7329709391181942 0.03987609924086255 0.02337795435121426 6900.973018 8586.882902000001 3749.2122729999996
3668036348641580288 4962.791056 7.149196000000302 7.453115000000253 -0.06057042054751998 0.0048384443000951405 0.007452874446311174 0.7527920479706919 0.046465534832094035 0.03658393188863385 0.7367586893569956 0.06022043109364794 0.0070656764365794045 10297.68444 6312.357389999997 9066.905638
3675248118423392256 nan nan nan nan nan nan nan nan nan nan nan nan nan nan nan
3676684252407983488 5908.915607 11.066829999999754 9.45133100000021 -0.2915086095531232 0.021259028819408887 0.015733741241653665 0.9507688084105431 0.2839983831961673 0.09033098109583215 0.8794549389170983 0.06619773867578294 0.04210165602533811 6783.895587 3224.9501929999997 4489.512138
3682825883842696832 4550.99199 1.3290189999997892 2.081130010720699 0.5574103788874863 0.005568322199321574 0.0039909976120777735 0.8065651868849819 0.016487272899808447 0.0056887695037296515 0.9099428490271982 0.056049148861294085 0.0019647322909859266 1320.521608 2248.21131 855.1848378
3683121446312149504 4305.867273 0.0 0.0 0.5443655168690732 0.0 0.0 0.7086696498099231 0.0 0.0 0.784936060027148 0.0 0.0 6563.24426 0.0 0.0
3693923185982895360 nan nan nan nan nan nan nan nan nan nan nan nan nan nan nan
3694743765254445312 5919.621681 7.917551000000458 6.415530999999646 -0.6342628999285126 0.011084033367019352 0.006843566814144775 0.8412969648084565 0.29264181549811696 0.08609953515991187 0.7539940184002816 0.0628528912573526 0.020402986275199875 9475.896109 3798.6728110000004 5730.362528
3694878833385971840 4673.615857 6.202994000000217 5.895079999999325 -0.04050989973850861 0.008215391985175811 0.011926583288072765 0.6869295558066909 0.04971460798781335 0.020089163747936678 0.7259849007088632 0.03198623548338442 0.018033440752098895 4242.524153 10734.967057 3058.305601
3695568295896473856 5712.257987 1.1113430000004882 1.8576720000000932 -0.4869783310674237 0.009366213572266746 0.006003537117600044 0.8689533950723788 0.31696724566791457 0.12196909266320444 0.7876431029108641 0.04518640792318129 0.0607795374792619 11042.04894 6333.751509999998 6532.224
3697828548204889344 5438.961504 8.865394999999808 9.605015000000094 -0.4555547034287019 0.02266700929251869 0.017636937270524566 0.7321603389177407 0.10849767766869689 0.05645681731913932 0.7429735734754412 0.026677897038861698 0.0243587483587554 7093.209074 9273.599116 5726.8746
3700295641843380224 6006.929368 1.8219209999997474 2.111729000000196 -0.12373161013500687 0.003322814302008134 0.004676104333155476 1.0643927066259482 0.37723697987657934 0.11700392087510136 1.0008679362525765 0.04944393544819259 0.078168074506058 4690.139292 2345.2297900000003 2736.8269689999997
3700937760929835648 nan nan nan nan nan nan nan nan nan nan nan nan nan nan nan
3701015375282968064 6053.005998 20.49553300000025 17.46380599999975 -0.31971227728446056 0.012209492520750709 0.01219982563045452 0.9705409976592649 0.2744475400714297 0.12659373019433284 0.9252960198079534 0.07130494243627772 0.04241711829470618 5008.923376 2482.025675 3396.7656239999997
3788394461991295488 6015.846304 1.7444120000000112 2.1430569999993168 -0.16811280095005393 0.00433717802014455 0.005512541242752633 1.1249280435307718 0.41532860340930644 0.20051680713952968 0.9994433462369916 0.04551138154784318 0.05565483585541198 5916.993957500001 1502.0100544999996 4394.193542500001
3794479262419500160 5663.337117 40.82765399999971 43.606757591120186 -0.23895085769699687 0.032586209888118556 0.03509189497474868 0.9180841665372649 0.24776966203120587 0.10749495778625118 0.8346606978030265 0.05373339011802325 0.049855386355638354 10103.16139 4315.752610568801 5851.511691
3803004978659671040 5606.668768 15.505220000000008 15.283143999999993 -0.3674073831201524 0.019602504734487103 0.012639380992015281 0.8334462252051738 0.1941357734202913 0.08072237256796466 0.7797281393595094 0.05207116209764462 0.046773882157759905 10233.80531 6837.07734 6271.36871
3803494845449564672 5637.895882 14.323119000000588 13.514871999999741 -0.6307976114936427 0.016410374112874937 0.019178148254021976 0.7370660071487316 0.07173993296985792 0.054008653962283715 0.7344538213262279 0.03841847368156459 0.024564885123925406 7768.696603 6451.300847 4897.334688000001
3810535361999701376 5321.742097 17.422686999999314 19.643686000000343 0.1574168045067973 0.02591400899307672 0.02561913153500922 1.0062997455097569 0.19791828462073768 0.1505972877426226 0.9192062500628425 0.06470356539749633 0.05048067367150977 11646.87497 4720.780194166398 7849.264130000001
3811032513054107648 5448.5698385 40.87004850000085 41.33374159545019 -0.39865478833265744 0.04797306765445941 0.040638877758104486 0.7511876616803833 0.12923649950827298 0.05217512853913975 0.7529925574380374 0.03870136493891696 0.03202033333061438 8655.291681 8122.7923148225 6599.998139000001
3811688440459523200 5265.203684 3.4484480000000985 3.579396000000088 -0.04928437502958261 0.0049829939266808065 0.004370866938135334 0.8609162747229363 0.15178964713561893 0.12695287602730665 0.8027823573475441 0.04468776934291896 0.04089541098989491 12443.16272 5941.38838 9719.433448
382111248777193216 5548.264009 7.7229099999995015 8.136332000000039 0.14560424830349905 0.008389064033699684 0.008158142416288539 1.0300364914566045 0.2588210312462258 0.09059949518912802 0.9725776265647781 0.07318957468201681 0.06696146850334317 8515.305761 2532.5696989999997 5745.174348
3856449627544923392 nan nan nan nan nan nan nan nan nan nan nan nan nan nan nan
385697172809355392 5107.247345 10.064421000000038 11.331497999999556 -0.05685518758939642 0.008186699602813888 0.008517416290323099 0.7745670389125646 0.06129952092571189 0.05675951403151225 0.7827987532049671 0.05505018500829528 0.03505297320396161 7461.539835 8038.228445000001 5207.393545999999
3857872051994269824 nan nan nan nan nan nan nan nan nan nan nan nan nan nan nan
3859431674878660864 nan nan nan nan nan nan nan nan nan nan nan nan nan nan nan
3860369901894562304 4199.243435 3.055214999999407 2.4051180000005843 0.25855782078191464 0.004535343819508542 0.0027122326179856437 0.6342826381580082 0.03531104890238501 0.003407203367898015 0.709982246242019 0.008911049218239375 8.642099441957818e-06 3417.701144 10744.376976 950.0
3864142669886768896 nan nan nan nan nan nan nan nan nan nan nan nan nan nan nan
3877070590167177344 5625.652588 1.9643939999996292 1.8319689999998445 0.20975615920621582 0.00348453500636442 0.007022831815079955 1.041036899647452 0.39651349574699357 0.10195765929363865 1.0213647931225178 0.09492592076818651 0.022536866924739885 3558.905729 5698.750668999999 1094.0469080000003
3882879683758393344 5108.219352 15.068293000000267 16.01607299999978 -0.06279011354020413 0.014412120166687227 0.02012501489792967 0.7762125693737527 0.06159865077037219 0.054019320841744434 0.7818817492835957 0.047085845105826696 0.04721842868634052 7983.970376 8297.160693999998 5527.7998370000005
3892632287473304064 4199.725171 6.129831999999624 5.99040100000002 0.25984472863495817 0.01424283104825752 0.009378801801703529 0.6458059481702583 0.02454735403359698 0.01868363570224929 0.7099977080086471 0.008903198934191336 3.289276557238985e-05 5127.701144 10120.376976 3421.1074199999994
3896271842760486272 4916.624912 3.860109000000193 3.834958999999799 -0.40792077610957445 0.002900822780928125 0.0014431359265723587 0.6736247849054217 0.0010110933303426606 0.0019976316591613363 0.7028941888291187 6.315921773580868e-06 3.186868433036061e-06 7329.755472 197.0 394.0
3962403923821595264 4757.72721 4.698868999999831 4.393874999999753 0.2635444799101955 0.005279169939486517 0.004815816707607334 0.7811492478878748 0.023374354716264922 0.028680451411054908 0.8168266975013825 0.04997994586940835 0.037022001407671645 5777.189606 4645.851874 2529.254098
3997075206232885888 5054.388211 3.781587039934493 5.33816281390591 -0.4388885398470287 0.08267737784037005 0.07736352077933362 0.6643706538242551 0.04045396515927924 0.008128502475888144 0.7169654909255443 0.006928274569078852 0.013117922469782939 4672.631903 5784.442450066353 3523.6587216836456
404433018447476096 5310.645061 4.263962999999421 4.314193000000159 0.06792728566721078 0.004279587339208496 0.005185399507155505 0.9587603446689327 0.1977544590428867 0.1370190938134429 0.881624193856518 0.012191266401890277 0.06480871549947209 13940.90016 3014.137520000002 8591.294479
4056326681029056896 nan nan nan nan nan nan nan nan nan nan nan nan nan nan nan
4056443366649948160 5678.9469955 16.059422499999528 19.883832500000608 -0.1784430260494407 0.032165573323513386 0.02082092197388738 0.9656969784675374 0.24015036865140293 0.12641258490197094 0.8774456920215173 0.05815789456049458 0.05590383841938573 9853.419217 3265.570173 5832.938469000001
4224062406762625152 5807.665883 12.178827000000638 13.265957999999955 0.16625651875717282 0.01233492762014654 0.013473374854827386 1.0507072971123266 0.30721796341666807 0.06663949458525287 1.0638253863556382 0.06359338846714602 0.057495660851641484 4162.148525 2565.806996404567 2892.0901639999993
4255957040079935488 5283.268405 24.99783800000023 26.372435000000223 -0.29434333402410906 0.032388317415001644 0.0355702299444704 0.7579909108162667 0.0536033674666575 0.06255961211086003 0.7546840158865818 0.033165962495601 0.03377093258257502 8464.36301 6069.8502100000005 5065.0713289999985
4256135160951556480 5098.945517 39.72373900000002 49.95450400000027 -0.5343142677164826 0.02642723741265074 0.04241284319874827 0.6551188792939837 0.017085675359589714 0.019418463482806847 0.7069962897792972 0.011954775526620054 0.0020715338595345134 2470.748698 2946.415531 1919.9999996
4263752921128319616 4773.606589 37.1063180000001 35.541345999999976 -0.043115205342557236 0.027886922393253112 0.02359937824516227 0.721318678002266 0.04119246694502432 0.027711647170126086 0.7488869865768438 0.018090907445578397 0.03511621135186771 8429.199709 8066.939850999999 5399.05185086289
427224073427887360 nan nan nan nan nan nan nan nan nan nan nan nan nan nan nan
4285511294172309504 6249.984962 18.75220899999931 16.7714560000004 -0.23722054740184406 0.011539886000325073 0.013777049468817804 1.139456632993438 0.2595592486355296 0.17534949777716435 1.0544729787341007 0.07387038660700829 0.08690325524106368 3570.672827 1468.9916630000002 2324.539692
4287832775526476800 4797.533377 19.365380000000187 21.241089000000102 -0.3107494004213783 0.015243186756554727 0.02316136677429187 0.645623841997504 0.04235106325160887 0.006786210942217763 0.7009873545824744 0.01389597355587957 2.642551907883206e-05 2228.46638 4862.638707 1399.7109083999999
4334991786994866304 5404.293969 53.35601299999962 54.90018300000065 -0.7352168902866957 0.054977650143003376 0.04583826284489356 0.660426088844413 0.034786688147368516 0.022138656492808106 0.7099288542556934 0.012060271920647625 0.007944988688351362 4013.5528784999997 5090.147196500001 2799.8117894999996
4439085988769170432 5904.45347 15.821572999999262 16.334325000000717 -0.1816604840453242 0.01781433742916877 0.01516835566472241 0.951675976192941 0.3953752321324844 0.06911365498312028 0.9343174611633402 0.06038314776412701 0.0635333939972853 5152.689381 3650.427363999999 3516.3058300000002
4453211899986180352 6045.770243 7.066770000000361 6.0293540000002395 -0.2385695767667778 0.00845591302679466 0.007596201706056571 1.0342461103251148 0.2948401210338343 0.16359931747729706 0.9499135573877634 0.05044181438841677 0.06929309084510604 5473.531438 1448.9444480000002 4192.981933
4534144923690481408 5526.607566 10.727930000000015 11.24739099999988 -0.05378896081195966 0.009888271869572654 0.01135755289744611 0.9739834299533578 0.24990861097212402 0.16025873936748392 0.8633026569805439 0.05683384193856522 0.03185498014177257 11066.26387 3658.3665899999996 8631.47790909445
4558177980124887936 6556.693985 14.049020000000382 8.95555499999955 -0.2709209129661908 0.004596833741325634 0.0042056574314964235 1.1695704204696424 0.10327079968025021 0.11011783315217083 1.1519553828364586 0.02987799356492893 0.0629805268714494 772.0847857 1102.6050423000002 485.17985350000004
4583004815239650176 5807.318703 8.708139471174945 10.729749000000083 -0.20278113387608132 0.0087722213222442 0.00833408606338279 0.9480305024528833 0.2231669185688735 0.1196826334132749 0.9073339781810869 0.044262405610577704 0.06058708360565079 7415.363739 3361.622131 6423.6635217
4596481632339898240 5134.137547 29.2855669999999 29.133256000000074 0.3902046695122261 0.020708969710484915 0.02304560586532628 1.0001250944633275 0.21873295921829805 0.10673114327944466 0.972610365994671 0.05115184254185312 0.06403492416388068 11681.87832 5504.88738 7670.102922
4606030169272920320 5752.028644 1.3424119999999675 1.479682999999568 -0.035869855639759814 0.004434340557117632 0.00458654498773426 0.9767560873491031 0.3049236432938226 0.06087412495614719 0.9313282052184405 0.0698459604846412 0.034523466894575416 6695.253853 2904.141555 3154.7035100000003
4608935250790855296 6122.93869 8.670548708304523 9.96963500000038 0.03291473376201016 0.00974310175821199 0.010049824983854629 1.1320770152176538 0.24737116510521817 0.13237685979169178 1.1174727298778342 0.048408188125282914 0.08756036901111042 2042.367069 2411.838178 1179.7657352
4613145315172329984 6231.48437 4.430521999999655 5.518987000000379 -0.29091028507722166 0.0034924824189084824 0.002543322044258556 1.4034746444325585 0.19027456334075254 0.37775680049690297 1.0437549957267105 0.05156856216379291 0.10509868030767666 4925.584373 1255.1597740000007 390.1415769999994
4624979393181971328 5630.989915 12.229542999999467 15.05446099999972 -0.038017309683479085 0.0120945465855435 0.01461319803618353 1.0066320804361704 0.2554167529345457 0.1595995081293098 0.9136196732190438 0.051036622593132575 0.061125952440802434 9777.192773 3026.8610769999996 7116.269158000001
4668163021600295552 6140.996126 3.1298390000001746 3.1784379999999146 -0.1691683109661335 0.007005638962309213 0.005443577148857182 1.02311265686376 0.42516851747212114 0.1109848169251828 0.9899006510482127 0.12044900005027404 0.04998842893771038 3956.333402 1773.4500010000002 3265.1835051000003
4684513614202233728 5864.210687 4.793053000000327 18.268473000000085 0.35887731355517277 0.0107061363775805 0.008211816115018145 1.1829767473558894 0.10657105784548859 0.09102905631567126 1.1478346307375193 0.024045712633854688 0.04099323161228696 2649.3826 1645.9165990000001 824.0329999999999
4698692748651744128 5215.900852 7.745276999999987 7.907240999999885 -0.07108992148254377 0.008204836774180393 0.006631314195022886 0.8105367092829989 0.08140822046619156 0.05922607877982711 0.8009048227841737 0.06555296917425968 0.058993308531496536 9973.066581 6897.793519000003 6183.970203999999
470650560779277952 6712.198649 25.56449900000007 28.341497000000345 -0.5701561557341387 0.010310371154459652 0.010479217026515109 1.1325821539076473 0.0880777986737753 0.13243990139171458 1.1009607405359207 0.06373735106329503 0.06896555175707597 886.2896197 768.2502213 505.0750807
4707634458245031552 5649.238838 15.160233999999946 14.437563440274971 0.18396790863402973 0.020225771339638904 0.018716940084003986 1.1032156965843671 0.28828037132570716 0.1392564703534992 1.0344723322105474 0.0721892448846213 0.0588171379015634 7114.386262 2234.5525 4351.602245
4727755005637190016 6386.731284 7.895662999999331 11.374786000000313 -0.4557523841857132 0.004099147241494461 0.004751059668417212 1.1049598710582769 0.22441723833514482 0.19377943948883414 1.0024871444371826 0.0779955477351566 0.06093708561661049 2759.27291 1909.499096 2103.7155129000002
4745660479479743488 5937.733125 6.854713000000629 7.167792739989636 0.024440165862174918 0.005849277164950234 0.007853817944478689 1.061296315642667 0.4629894409553881 0.15583837310282556 1.0652403328138353 0.056400539440128794 0.09345602332713288 3533.795252 2830.6148439999997 2496.131543
4746157737910069888 5950.007435 1.6797469999992245 2.351005000000441 -0.3412415775086538 0.0045029915689728806 0.007649401490619323 1.1229572200463547 0.11952692952489397 0.19088366575222726 0.9133835186767885 0.03208528700010049 0.10266063244683521 8640.386487 916.5137300000006 1007.9619469999998
4747624104168195072 5953.830101 1.4243630000000849 1.3712799999993877 0.01897313936270272 0.006682581850928897 0.00443290421385344 1.11884829577805 0.38655035959327577 0.11302717812016527 1.07787947715047 0.053254851440349915 0.09044936403398529 4594.238532 2343.6823999999997 3103.0748230000004
4756649415309914240 6147.403206 3.000821999999971 2.3355689999998503 -0.025347310833075766 0.006943681896462106 0.005111247759411925 1.1427624820994151 0.19766651785457534 0.03129615389039375 1.0587732195465285 0.10363513296174154 0.05217398622492575 3966.773895 945.2923270000006 1744.3725609999997
4837286842168217088 6452.031055 6.622406999999839 12.293676000000232 -0.0260240741566729 0.008802872838849271 0.009064858132254338 1.0543088659655964 0.09905654837902667 0.017882663391362907 1.1159913754964557 0.04494985420541964 0.014998407822633286 192.8788974 301.9999381 118.62857127000001
4864759888238232320 5989.775183 6.495378999999957 7.903417999999874 -0.13455726084833725 0.005312674626315933 0.006136074507376799 1.107502166905341 0.2150607370440023 0.1693449664130391 0.9894685184254185 0.0640020954200392 0.028017507415413978 5473.002743 2302.2189719999997 4009.579846
4895489043507741440 5005.222292 3.922674999999799 3.675580000000082 -0.08158033123560494 0.007029710051668192 0.00635965349828467 0.7676538981578932 0.05946687687273189 0.0648782117531358 0.770983895228998 0.015697586848323453 0.04133380272485043 8680.530145 8512.462915 7129.622577077931
4911563216311083392 5687.644138 15.290960000000268 12.953017999999247 0.3326031478339678 0.011443379071045201 0.010610430069630139 1.1409218983821896 0.27224010234246054 0.12121209863869287 1.1155989206173647 0.047834987682871644 0.07462655522598172 5327.951294 1955.7986799999999 3767.9040662739053
4917441922731087488 5070.537508 7.027601999999206 6.918432000000394 0.13108249385092086 0.007370205702138755 0.010268268364556951 0.8429725685398298 0.07706531484900248 0.05766856872961912 0.8468563611683677 0.05294056005228487 0.05529706399879353 8216.426921 7772.638899 3984.3193810000002
4968289907406396160 5706.719321500001 71.96357249999892 84.82060015937532 0.173571190847373 0.07400972934394787 0.07741776827085878 1.1017410908285743 0.26923567735820075 0.1435005605408206 1.0482646827711024 0.08592082367851805 0.07268118018199177 5783.491871 2916.341531 3940.79588649804
497750842338402560 6169.640268 5.5279899999995905 3.54921800000011 -0.268130674018797 0.0025678205680623734 0.00252394387828625 1.100198447753297 0.4800093456868937 0.09803490139581439 0.993614232064753 0.09964302096425515 0.03969595947916149 4968.042796 1222.9185880000005 3030.4088389999997
4990044668377961984 5617.146712 0.9215119999998933 0.82507699999951 0.02443897900011234 0.0019848505941656817 0.0036877648180024397 0.999105870672947 0.2952427592493545 0.15823430614744904 0.9429927886984063 0.016579738575235092 0.04404757679352467 6760.6144725 3978.253357499999 5278.2423925
4994237247949280000 6455.339776 8.7606880000003 10.490592984790055 -0.07371322963705965 0.006138548197779856 0.00618395088427684 1.105452919305026 0.07042371762797828 0.05965356156938517 1.1268297104217988 0.054941816399376675 0.044842354331104506 642.7856699 351.2807686 530.0026038
5019835424832215424 5120.382834 1.0517650000001595 0.7217940000000453 0.22335915922345745 0.003871308270538998 0.004975379533133234 0.8817952646123409 0.09875984704705043 0.07133385022170846 0.8988159167462672 0.04399323714242631 0.06186582022020004 10102.63504 5889.707340000001 7949.280782
5057924844082070016 5867.705688 27.140142999999625 28.539839744939854 -0.3313299169169288 0.024719054568710097 0.024476848206863744 0.9016246064746919 0.38262337787631495 0.0938651943615314 0.8626666693479463 0.0572417319390679 0.052090963752450925 6321.395587 4399.415693 3994.02668
5065640460769428224 6000.875932 10.686953999999787 8.801805000000058 -0.24463704300501812 0.0069117283760098125 0.006967638207141386 1.0314358087901216 0.3067068174629193 0.09385310636254351 0.9716632034588507 0.03821731285506014 0.07168178139683268 6447.130331 1628.8249849999993 3430.4012770000004
5086537022856406272 5925.989047 6.749265000000378 5.11655299999984 0.07656010151309735 0.004901350741829583 0.006172772788098205 1.1302113522777595 0.29365602243719313 0.15109591679750622 1.040965155598009 0.09434186164597058 0.026480817455130312 4720.724523 1784.6201790000005 3458.249257
5089851638095503616 6179.750216 27.387602999999217 28.316945000000487 -0.3664816254643422 0.01600658081547962 0.01682783381126446 1.0328617187724656 0.35735411266395234 0.12548705406695537 0.9574185827761299 0.07704412045648801 0.061520513800211174 4554.840164 1987.665728 2974.1756210000003
5175239363214344960 4756.696146 1.4875629999996818 1.7792530000006082 0.06025419015068075 0.008141423979221761 0.008962887210486312 0.7472786172121673 0.021950729394917046 0.05497570538369079 0.7549858513900759 0.02771808254989694 0.035070808705133016 8366.195857 8383.089223 3173.667559000004
5227928170880093568 5453.138928 66.21361792762491 65.92816900000071 -0.43083281490003533 0.07709577540357127 0.07132736621314617 0.7473455053716133 0.11778801142474282 0.057286962407333886 0.7478539274043537 0.03928394349203157 0.02991711076183956 8301.718367 8040.958243000001 6133.101009
5241964708164136192 5434.1896 53.856465208699774 53.12743899999987 -0.6623568769352307 0.06698162653871165 0.07832621120172412 0.6816350420124571 0.06779023138951679 0.0310431996209245 0.7198596893067216 0.021046163383791616 0.014077609047358108 5295.997452 7986.317895882001 3778.8551745457007
5242077854771196544 4630.276567 15.926384000000326 17.668721999999434 -0.10730193879131683 0.014132493982658145 0.04587336443343637 0.6851070081149319 0.03217583320393147 0.01775835590676167 0.718891186968981 0.008931510230757556 0.01797717610979843 8304.328902 5864.232818 6352.681401
5253607539857229568 6027.50963 25.010215000000244 24.83426099999997 -0.515816152683829 0.024041211136259233 0.02314345281699781 0.9208364199980446 0.2809393378652727 0.12491701648291609 0.8557485053541803 0.04944247599416807 0.05805909506812135 6663.14755 3434.6878500000003 4773.93217241259
5284358990266469760 4532.400036 52.968601821399716 56.028808000000026 0.2266060408561221 0.09728283711135052 0.09858306254988267 0.7255352607015304 0.04524255675251754 0.03945614141030729 0.7609041528832134 0.048984029209190205 0.03709702244520141 8446.7438945 7105.8430797045 5764.984866499999
5288681857665822080 6042.795543 7.359790999999859 9.358288000000357 -0.24608078857413468 0.008030806587381784 0.007453737881395139 1.0683876927368197 0.32282632076122786 0.18302751154551777 0.9534936951385048 0.06345854406515505 0.07153755819214713 5849.754569 1460.4331680000005 4469.113957
5305241494923209856 6008.407972 13.344025999999758 14.54369399999996 -0.7091382175810416 0.0311277483752348 0.02238915964831012 0.899743713659656 0.26152465262800706 0.14123135434818868 0.8054890317228898 0.04190492534311996 0.051188909557086104 8987.472398 3067.5405520000004 6481.374773760725
5337273743301313536 6676.742611 23.714332999999897 18.72659500000009 -0.4434020715421258 0.013740149557071424 0.013664438574983895 1.1324069816594489 0.10532612881519698 0.12181589773230495 1.1228988733598109 0.042936127897039045 0.07309213513649371 797.8474935 639.4483629689304 497.02057900000005
5337294049909975680 nan nan nan nan nan nan nan nan nan nan nan nan nan nan nan
5351820556994135296 6565.869632 12.439838999999665 2.0152689999995346 -0.16634550903894843 0.006172925580037569 0.007528188259844915 1.1810354693260179 0.05175110509153025 0.026433235419290657 1.1737263048614952 0.017115235030918496 0.030877674827811674 932.0715121000001 210.5519789 573.4174208000001
5357465071731312768 nan nan nan nan nan nan nan nan nan nan nan nan nan nan nan
5376137837173646208 5859.265153 16.418812999999318 13.660281000000396 -0.1702281243221196 0.012372784148333149 0.012320755044618853 0.9485762284545972 0.39072444012146523 0.09083309379618931 0.9349214926348599 0.06043315972047669 0.06300220099542497 5738.176127 3507.6540489999998 4287.845585
5385076140853434752 5835.819762 7.506350999999995 4.593340000000353 0.2888058466816888 0.0018746666327923989 0.002753936257321399 1.3051412039832755 0.3141338050748519 0.12012108243183395 1.1606065396410437 0.018797263083806692 0.040928788899502244 4161.825001 1943.855399 133.9000000000001
5401743332678544640 6142.134488 5.957456000000093 4.552204999999958 -0.2246328116524312 0.003564324307473332 0.004156016913386629 1.058090862074915 0.333027787315171 0.1457340533825635 0.9829411995374793 0.05756132723342211 0.036176754813734946 4468.192391 1680.6283030000004 2935.5347869999996
5409268527708808320 5478.969108 14.647941999999603 14.835386000000653 0.20234160114152114 0.014393980131355205 0.0183974664632853 1.0319185783628657 0.31280029877442095 0.11332965343317403 0.9685960811422251 0.0932448011663568 0.04372130008546571 8730.812565 3329.5589149999996 5097.19559
5411736896952029568 5453.81359 10.388396000000284 11.560351000000082 0.05747049966723731 0.01254211739690047 0.011406776191308116 0.955677972791111 0.2604739936851913 0.10367695123564358 0.912370619375597 0.043396095721683126 0.06039791262379979 9455.696655 5059.337159430954 6261.426962
5453063823882876032 6193.445572 16.983911000000262 19.60458799999924 -0.2812179198233473 0.006492340773070315 0.005863386504057433 1.1616843271392996 0.333605146166543 0.1928198334167256 1.014270238298728 0.07550170328289174 0.07935283042582064 4782.642796 1306.9969840000003 2403.9879490000003
545560867790611072 5903.6831285 37.476966500000344 39.68258535916448 -0.07877723293328061 0.07113895210833562 0.07778147568066375 1.063736343363412 0.28494601126083396 0.1550270907020479 0.9855410627922175 0.0789321007924112 0.06912852998843699 5740.2562585 2338.5905925000006 3823.768244359165
5509620021956148736 4495.365095 2.607392297019942 2.7610130000002755 0.493107267474669 0.006320737237333951 0.01109637564084004 0.793251385462137 0.05360553164018245 0.06307550826158725 0.8819431551958171 0.03603194107887997 0.10303759237846255 6784.856344 4079.025536000001 3738.800276
5545555570947605376 5693.6633965 55.75638549999985 54.25934856996537 -0.043509433507412584 0.045881378613369266 0.048828684430915426 0.9918871276822121 0.2885047545103723 0.11915482330325888 0.9324883846965965 0.07299895843104431 0.059018367603438815 7443.574747 3622.6002930000004 4864.824403999999
5557345496687437696 5002.272475 8.007873000000473 8.427799999999479 0.060058264972219604 0.01266361168734597 0.008277123184025341 0.8096769351323062 0.07452159888886967 0.07134931302012348 0.7935869488713487 0.05708020863707208 0.04061551706802058 11639.7631 5965.6221000000005 8948.667254
5560886336446650240 5635.306840499999 29.427990500000305 26.78345249999984 0.1795276391647212 0.029609101049670516 0.02928885702451553 1.091396806938238 0.3031731216607141 0.13434359216572644 1.0273509270524357 0.06792146105489927 0.06298403609285597 7223.216297999999 2475.281533000001 4719.5268129999995
5574766468155514752 5511.039866 48.84912499999973 50.258576000000176 0.14334210476141568 0.041173588434730735 0.03871336115168812 1.0171189523341213 0.26006802483494584 0.11011840870270373 0.968422903323111 0.0657402870329572 0.06408458649640536 8295.737683 3792.894837 5334.139491999999
5580554052549277056 6139.529111 8.30530700000054 9.469707999999628 -0.12117715213485787 0.0069422375410228 0.010240937066587977 1.2555472572565665 0.20860092939261654 0.2465398928552942 1.1045432326177669 0.04782329747121805 0.09965583429691827 4170.359371 1489.488609 2044.6070239999995
5656184406542140032 5472.444049 8.792807000000721 9.841572999999698 -0.13330904654620954 0.011941708376893748 0.01490498326127146 0.8508365688101359 0.22060674801727653 0.09005199077508819 0.8088564003820823 0.06897447740184015 0.03915697953848474 9108.779503 7880.081436999999 5289.181267
5664814198431308288 nan nan nan nan nan nan nan nan nan nan nan nan nan nan nan
5664957444179338240 5991.526811 10.92807300000004 12.81438799999978 -0.026009768061577426 0.013154944232603605 0.013243626055214619 1.0992455792025397 0.34634287269161534 0.14080618181243065 1.0405258569202152 0.07816427278668736 0.057228366095218974 4202.878377 1939.297759 2536.849518
5674618444832114304 5953.243574 7.200888999999734 7.031694000000243 -0.19745317265066048 0.006172901838473521 0.005417269835907346 1.04156552332971 0.28287169392731637 0.1091925315021538 0.9335635141521291 0.06342876677894527 0.04096490372530304 6899.161015 1832.3530480000009 4379.488877
570653411060484480 6022.42035 2.019808999999441 2.050353000000541 -0.28036318645291486 0.003611087437492333 0.004664093937585101 1.0613685054665078 0.1740656370595306 0.19468298035392828 0.9614504926851339 0.04282762606203816 0.0626599095068121 4743.60792 3460.146730999999 4011.5507994000004
5710154317045164416 5571.487693 6.06488199999967 5.47137500000008 -0.13656736457703456 0.005314690024688318 0.005950037121375984 0.9286612178436481 0.151531964549653 0.07423921809670053 0.8873391745010306 0.053567757277160455 0.0758119792871148 8925.04467 5247.771850000001 6844.70184
5723638723350902400 5551.814614 79.70527599999969 74.9892877229695 -0.06040711563929181 0.0937247105552492 0.09406981666190077 0.9474603520017023 0.25200118904466373 0.12101428782990276 0.8853935714644814 0.07156059373586043 0.06596727766326482 9134.712071999998 4925.762449162252 6148.308598999998
5746824674801810816 4462.275943 2.7266410000001997 2.584259999999631 0.06861005719836571 0.011950017317793812 0.01112728286539226 0.679650501216377 0.0574335429377556 0.013919991862063386 0.7179254858981449 0.017869619425871064 0.002100271479563598 7264.494957 11864.642783 2928.7230899999995
5751177095877066496 6309.924841 8.329380999999557 10.143060000000332 0.056544213852340736 0.006804664251268855 0.007370756833045611 1.1070099074345658 0.12129365974223161 0.03679931718973761 1.1387429118696897 0.03921946709567159 0.03581097229902963 1215.567493 1218.75382 902.0412409
5795534040654879744 5322.529394 31.823405000000093 29.912422999999762 0.23243235471952148 0.038637129986273416 0.04152211059169908 1.0329349246881416 0.21282355156231136 0.15511177235179185 0.955206014277814 0.06473751335981115 0.06122383791664576 10845.37416 4162.995290000001 7620.166739535
58200934326315136 5799.1498974999995 97.85322450000058 107.94596187396382 -0.03258368298628847 0.09110811681612657 0.09270178780375726 1.0432592972331016 0.28682871180268044 0.14392913223140502 0.9719162543361319 0.08905343854735559 0.07994177213207732 6250.035451 3281.2720449999997 4096.340678
5880886001621564928 4507.195662 17.858146161849618 18.307201000000532 0.29983521001801533 0.05951047864827813 0.04393108205830859 0.7335415443100582 0.03726838699195412 0.04188585623745522 0.780941030114122 0.0468951204062138 0.04800578294311997 7024.126785 6781.6630658167 4629.441411
5902750168276592256 5620.682183 1.0888960000002044 0.47170899999946414 -0.6025182889185796 0.014250864666692786 0.009595649526224492 0.7777251778556106 0.14622991266815044 0.09576230323734591 0.7344624397968931 0.02729279473128554 0.011536610527374203 12530.28955 5576.345640000001 9598.96942
596931979481073152 5638.439263 15.37782900000002 15.074341999999888 0.1092794965628959 0.016240130543658027 0.015266469469926117 1.0849048528557543 0.31309783755183274 0.1710847527275028 1.0092797199738575 0.06230414006334528 0.07244356744256186 7128.731413 2790.746644 4209.949254071511
602494855483616256 4885.550692 10.596402000000126 11.68456199999946 0.5724187881687008 0.015082287078964862 0.00943428922552303 0.8425374058961219 0.07744916104487665 0.009795682867774325 0.9589902297521492 0.09395700015082198 0.03300778241415725 692.9818364 1270.5388255999999 487.1583737
6032746832450438400 6243.48723 1.9361810000000332 5.965706999999384 -0.3086518881456737 0.0033249762905949165 0.0033768076553056803 1.1193289785308005 0.3617657421625633 0.15775568131495254 1.007256574330099 0.05015502438288677 0.07243805791564029 5133.791943 457.71305699999994 2279.629909
6042793005779654656 6613.00947 16.83813100000043 10.459173000000192 -0.5264801850842434 0.010030377790809175 0.009846859029135069 1.0650703855311514 0.1764767220506449 0.08038435273210376 1.062836774923332 0.05082282187924192 0.045842783671006915 1079.581528 878.349154 694.0304231
6086712585429729536 6996.644715 0.45380499999919266 0.0 -0.20324553016521124 0.0038996676485946735 0.0 1.144443930335812 0.0 0.0006063813787906547 1.1759892881202554 9.5470313210555e-07 0.0 69.97490206 0.0 5.001047360000001
6112606840179716096 5475.196623 18.739638000000014 19.53635799999938 0.14622343871969687 0.023378731446290213 0.02315871035366776 0.9894645166554519 0.25972961856657295 0.09025099761613098 0.957736760846614 0.06122510482127608 0.05495434367301777 8533.888815 4320.848865 5648.418767
6125644402384918784 5646.588613 34.36995899999965 32.08873299999959 -0.3959827199797018 0.03603724692398963 0.03688802711342015 0.8463276587760313 0.20653250703083215 0.10073563136585062 0.7766504202905837 0.05505963149162929 0.04200142024030973 10274.96704 6192.370429999999 6345.372379999999
6154982877300947840 6996.79744 0.30107999999927415 0.1527249999999185 -0.19934586251661657 0.0010528891262052142 0.0038996676485946735 1.1438375489570214 0.0006063813787906547 0.0002894357793152835 1.1759902428233875 2.569001054109066e-07 9.5470313210555e-07 64.9738547 5.001047360000001 1.3469274600000034
61607255708760960 5522.624265 4.342843999999786 3.5312330000006114 -0.015832643316415342 0.006354270742317241 0.0051694488272270855 0.9678968407264905 0.24687529029141286 0.14120060373137333 0.9009873354783571 0.037734046553717704 0.04404759790860191 10009.53887 5259.06681 8505.796471
6160877943251930368 5425.290848 10.014054000000215 9.572580999999445 -0.047126824978211995 0.008980301321025091 0.009432570501389272 0.8836004336398718 0.07569858074961033 0.1136978710525256 0.843728932683123 0.069010553013926 0.03611748428937711 7843.608086 5032.139144000001 6227.347884000001
6171009049549197824 6374.433156 13.18382032253976 16.979559999999765 -0.14257916443082364 0.013336001706671291 0.012787928198875781 1.1411056642051565 0.17093667549474634 0.06040903080913518 1.1138936936302852 0.04960852043637809 0.06208151928007655 1914.806283 1471.813784 1186.5997889
6173435259395017344 5900.086413 60.02433199999996 64.83115999999973 -0.3835254496286682 0.08070022471445132 0.07244689259476744 0.9231854066380257 0.2812451728808295 0.1193134342092399 0.8573240759640038 0.0628512576039415 0.06167135362726872 7229.542178 3852.8189904436495 4734.229010226935
6173451477191225984 5890.473768 17.498625000000175 16.434903999999733 -0.4398731982546665 0.01650875348113129 0.014595793228536325 0.892050407184389 0.29962994228678885 0.11425267301023145 0.8294656583379418 0.05573001206575845 0.0535801754562365 7796.310362 3988.960477999999 5552.264504000001
6186950525042445824 5577.579762 62.75751054150987 60.784013761165625 -0.1032485483008141 0.069842926175333 0.06809888699730011 0.9333985823311881 0.24666238576695032 0.11116481147592838 0.8749934291890804 0.06337701070836055 0.06139206248874107 9172.987219 4922.681401 6210.3939980000005
6198312362812872320 5668.848915 13.115986000000703 13.410988999999972 -0.21751455787055662 0.013611396292023015 0.01386479283502029 0.9049048347394998 0.2508371130166728 0.0776862720486321 0.8407543341209593 0.059037441556482606 0.04710543109949228 9479.351405 4237.320225000001 5104.05743
6239410080231903488 nan nan nan nan nan nan nan nan nan nan nan nan nan nan nan
6255655673768103168 nan nan nan nan nan nan nan nan nan nan nan nan nan nan nan
6257625719430982016 nan nan nan nan nan nan nan nan nan nan nan nan nan nan nan
6258364939144564992 nan nan nan nan nan nan nan nan nan nan nan nan nan nan nan
6258810550587404672 5732.057413 53.28523699999914 47.27897100000064 -0.21823096580523937 0.04531638444590824 0.04241098055449899 0.9627758094802648 0.23139637272324687 0.14120298100377426 0.8729436991604244 0.05693137549645566 0.062163005379317404 9114.383141 3641.8717990000005 6122.987554
6264513270727342080 4231.010692 5.6996530000005805 3.5721260000000257 0.18513067329330773 0.022746595226103172 0.007518000713479633 0.6263545296387676 0.013439035754850504 0.006095943540548765 0.7029844080237294 0.007954499660738468 1.2084359760744512e-05 2940.473004 2528.7998150000008 1576.0
6283723285046532864 5478.265848 35.88903399999981 33.665688000000046 -0.3593429078163026 0.025823746017853477 0.029542843744373992 0.7780042282763102 0.13811194407540972 0.06505460509229 0.7645440113619225 0.03745287981722378 0.03873483736363181 9364.264753 7966.0426670000015 7148.004653999999
6284007337003799552 5759.583782 22.563122999999905 24.400853999999526 -0.28610238893323875 0.025539553122581438 0.023743859933617106 0.9546376536287146 0.22419824611400585 0.15400994654267097 0.8446457940777236 0.06151045296867941 0.049755927303805736 9671.711138 3383.065992 7578.286598000001
6386751579018596864 5044.101661 7.8522970000003625 9.064397797799757 0.5249538574473859 0.0070505328187498995 0.0058781690231796135 0.9471769970295094 0.03609210426048293 0.08841995038159167 1.0289409728017695 0.04088122819365547 0.08215739480166895 4499.35987 1816.3724789999997 2903.828262
6407428994690988928 5747.766117 1.2468289999997069 1.304841263250637 -0.4212622980751546 0.009487689980848923 0.0031603048093002406 0.9776348405769596 0.14158140179552203 0.18435997644886903 0.8044288085063597 0.03934549394198383 0.02580506661304116 12383.15914 2753.3810900000008 6810.541522818457
646125297938578944 6011.948679 1.5301769999996395 2.2294700000002194 -0.09201976109331444 0.0037980609593372128 0.002412172671814372 1.0626212919190001 0.21507100939169654 0.07240729739988605 1.0053501508219798 0.05154653159720479 0.05675008144386906 5627.919082 2089.8591819999992 4078.460387
6482103014085857024 6175.916488 13.008318000000145 12.654806999999892 -0.2828726611088436 0.012983205594297165 0.01042611131273563 1.1376672686007925 0.34813719087343364 0.21577838551102213 0.9894759866271179 0.08187510783771557 0.05703920265446705 4899.822196 1484.191651 3090.291651
6491038642006989056 5542.740197 27.425852000000305 28.20303799999965 0.02749057986177857 0.032011349053827506 0.029281431077493595 1.0057977978686083 0.2384333652524484 0.13006332119831843 0.9294581534362274 0.05852474289894671 0.06908930269971336 9505.363014999999 3660.913705000001 6102.738185999999
6492940453524576128 5601.948999 19.84404699999959 21.907742000000326 0.08521287853332629 0.026116209975170543 0.023517571288728993 1.0383374608200049 0.24110987853482646 0.13124308778619365 0.9809078548087073 0.05721442008948774 0.07321161932532283 8159.353277 2674.480041664554 5334.686014294341
6518399301667782016 5720.093372 22.321037232770323 21.14696400000048 0.09783867429503006 0.024662617904386175 0.019761034872605318 1.079550415092278 0.33974022930002246 0.16110134994852687 1.012953961590669 0.07814731687697951 0.06649360866723641 6576.737739 2392.2000000000007 5053.564734
651935220461650560 nan nan nan nan nan nan nan nan nan nan nan nan nan nan nan
6533307957785865856 5615.05546 12.002506000000722 9.833435999999892 0.07659493930870866 0.011523575191341978 0.010845419279534571 1.0495300289860074 0.23699583757483733 0.13725978133968275 0.9735821145241567 0.06024663063697144 0.06602223417626063 8588.953882 2160.2275279999994 5659.8302467046415
6534414719318886144 4701.127001 1.8874480000004041 1.211514999999963 0.2572268979104609 0.008116823502208048 0.0026921889440501 0.7672178018081748 0.054722190686519734 0.00577247997147412 0.8377604167714041 0.05112270775727723 0.10199262078326876 9302.575562 8107.580698 6631.6389039999995
6541360574788758016 4694.852118 5.981555099359866 5.867029000000002 0.02320452116155446 0.02740757434057799 0.028823347394272156 0.7246127900757432 0.033490432317097696 0.042465446838857335 0.7489700756623598 0.015945780252375474 0.031177849027198223 8000.434344 8900.915866 6056.281021000001
6552346035980010624 4819.138146 5.912661999999727 5.647609000000557 0.46793517338082635 0.006933937658482603 0.006254635047518109 0.8800662249751261 0.07094501285391397 0.07023019433277544 0.9096253883665979 0.04292804635262182 0.04181462470464026 11148.05329 5661.779719999999 8732.272047
6675883485986480256 5948.199905 3.230615999999827 3.5469040000007226 -0.07722284021266713 0.0033242987148912606 0.0045283600858281176 0.9743340702047999 0.4595579280180818 0.0682000946071073 0.9918405545221457 0.061937415414006325 0.06896196269669697 2529.873442 4896.629333 945.502665
6677909439240233472 5538.5940975 73.94557935333523 69.72402150000016 0.14157549899586305 0.08972234461131587 0.08496539479360837 1.0361067967586282 0.264645429118346 0.12780269967661329 0.9794288766276206 0.07972084435171667 0.07655450413546838 7966.825613 3700.301310420101 5166.411993865811
6683371847364921088 4608.579183 1.4306569999998828 1.3336490000001504 0.19410402358585374 0.00785894787600197 0.005674989523415136 0.7383782443911501 0.038815971922680936 0.033471526136291785 0.7698021778693882 0.04998585239555575 0.003817731637423938 5481.555776 8757.415153999998 4414.308084
6710517793025165696 5710.875227 6.575786999999764 6.198153353831003 -0.07097149026556185 0.005302398181721471 0.00717105173348094 0.9717060419146868 0.36634377490985015 0.1000629316988445 0.9168032627821627 0.059768554119953854 0.05194194057613999 7672.929296 2147.776361 4663.318362424565
6801474136516893184 5682.465857 17.854007284669933 16.97752600000058 -0.2758562836671734 0.01005514880207431 0.010277395620525487 0.9316955324741053 0.2535025778280048 0.13551547415701903 0.8215939228796943 0.0541202031805188 0.06198666884520643 10879.62749 4241.73394 7096.257174
6857756246957592320 4983.338424 6.816055000000233 7.3858549999995375 -0.07540725895632668 0.007384922030717597 0.005550173009326878 0.7634171056263911 0.052152357844913344 0.06969541615624841 0.7367357352571514 0.049971719370569656 0.024988111206073138 14876.54725 1664.445810000001 13042.188599
6868476691490044672 5212.511344 10.183054000000084 10.350495999999112 0.10265503380888275 0.01340482150172477 0.011269819310150794 0.907385478527925 0.13730314201993354 0.10705675937588066 0.8759537504398974 0.04494801618822575 0.0660912729375095 11238.16944 6143.40158 7657.195094
6910753016653587840 4729.337056 2.3306489999995392 2.3161989999998696 0.3526316396309216 0.021812957524901033 0.025990140254653626 0.8107613056931049 0.07272363581727315 0.038285953863938293 0.8519502885727214 0.04997918455582928 0.051271407169071526 9649.153621 8500.500352924611 5873.144112
702295464353437952 6053.262239 30.6541729999999 32.689719511919975 0.022723086757372012 0.03064522235490955 0.030747463158097295 1.1591336042144735 0.2163250296186383 0.1419881650473498 1.0878685485898145 0.05987099240862692 0.06792262581066821 3769.979043 1672.3253520000003 2462.5248949999996
770622651659107712 5571.208169 8.161862999999357 7.581238000000667 -0.10528924958845563 0.009335245163612588 0.012238260517877214 0.9052899909131168 0.21335586463419542 0.08992452998383915 0.8697572037604946 0.06703678447539096 0.05622238298728055 8476.487219 5229.2208709999995 6897.500294
869913435026514688 4647.356807 0.0 0.0 0.5939704964073742 0.0 0.0 0.7473771792704038 0.0 0.0 0.85899828314313 0.0 0.0 156.6685448 0.0 0.0
876608292608416512 5752.674228 18.102633999999853 14.39539700000023 0.11251135116388451 0.017009672174727528 0.01826300546650883 1.1121899392961692 0.26464663253334253 0.165059666315844 1.0387258463626765 0.05568028906001721 0.0797758182092404 6583.472265 1891.135048 4675.65609
898130030131443584 6148.482026 11.42418700000053 12.454066531475291 -0.12702380333581936 0.011109260932696804 0.013029477764098935 1.146868108202925 0.3025399316758397 0.15004810584493633 1.0883139656125886 0.051950063345231445 0.09456958021215633 3387.290108 1660.5293000000001 2023.1808110000002
920308932010648448 5378.999457 7.578819999999723 9.693139662399517 0.15256900938852017 0.011744241792736504 0.010413981880554979 0.9149234645755333 0.3061079824612569 0.07721299985046903 0.9248933758986476 0.06700787642652462 0.055499422854557334 6920.009814 7542.2458560000005 5533.224137
990291507088739072 6217.916959 16.92909899999995 15.019569000000047 -0.28066681943429006 0.015925241796366896 0.013856414154896579 1.1562226530823514 0.2904017006274551 0.17124720492071988 1.018577806042934 0.07117976119853187 0.07989250465034448 4573.507604 915.7652229999994 1814.7954570000002
