starid Teff Teff_errp Teff_errm FeH FeH_errp FeH_errm radPhot radPhot_errp radPhot_errm massfin massfin_errp massfin_errm age age_errp age_errm numax numax_errp numax_errm dnuscal dnuscal_errp dnuscal_errm 
2106674071344722688 5410.238264 57.269187000000784 66.94071199999962 -0.18419791792393603 0.04737839871129604 0.08907110066810725 0.7805665929076301 0.008923999292603457 0.009236881243637751 0.8639615474335126 0.02298325071640439 0.021046516515006775 1130.52726 1699.7498659999999 573.1511200000001 4545.120770417625 40.113499804386265 38.78194966319825 182.5260356157696 1.1453324835067633 1.1745929825798385
2052747119115620352 5668.788688 69.15887300000031 64.20609273245918 -0.14890839009126824 0.07799851578945118 0.08316367386836535 0.9144530955790587 0.01801930445084743 0.017520660294345958 0.8917434930370519 0.05302871801317177 0.04912925544215985 6853.762246 2767.795598999999 1970.2556720000002 3336.1788704811015 58.726717308288244 62.13110424964452 146.11494842408504 0.48148736818302496 0.462043882522039
2100392428275714688 6139.494555 96.82046600000012 95.14821500000016 -0.20631478707366485 0.08822353430187789 0.0961745192322932 1.0336818956791296 0.0225549506260172 0.024571298245311457 1.01874768639083 0.06312472173344719 0.0651096219395706 3083.558695 1550.2489519999995 1521.9038480000002 2860.5431174262517 57.38675463123673 59.49058501664422 129.8911853920708 1.2810470663661135 1.2809085753187048
2132155017099178624 5648.849 73.55614100000003 74.49574399999983 -0.12926882246275553 0.1067934164793638 0.09028836992616665 1.050451023999724 0.025749531565416817 0.02486998510441296 0.8814325041476044 0.06511895178724036 0.05997519732542356 11834.40248 2628.24432 2528.282204000001 2498.8758252601488 60.08513817126368 51.65492490143515 117.99364143573676 0.20332226263380448 0.22411073375543822
2129495057954829952 5984.451401 89.01800300000014 88.96885999999995 0.002833782302521148 0.08913225839202236 0.08780692268883508 1.1857120854109515 0.028489281503591535 0.032462366212897775 1.072632560957217 0.06609569051329744 0.07317809059373592 5256.028131 1710.599588415911 1657.5283914738206 2318.590093686959 57.2744130253036 58.568563509128126 108.54251791163561 1.7377752448347792 1.7251344370967416
2129550445852902656 5786.825674 82.01962800000001 52.62589899999966 0.1327662882790617 0.06070451393998874 0.06278694037919669 1.2463025400139178 0.008115725052767253 0.011977266113401885 1.0815239515358706 0.021865534663918273 0.03111052586596963 6794.154162 1591.0259969999997 1025.0310279999994 2153.240888731992 11.428454743503607 15.027151580766258 101.15507414549228 0.14126042787560777 0.10998934450101672
2126918008858627712 6257.931468 83.17785900000035 98.1483419999995 -0.20534117886408426 0.04112991005109004 0.07086508721440621 1.3438233038297187 0.012544272387952304 0.014431496833968938 1.1544901930521343 0.03508038057412888 0.03707225981599738 3705.565427 815.715479 611.565153 1904.3376354456884 18.606698715749417 19.9148959854208 93.38582080587645 0.4767114004220474 0.46480798247227995
2105620159389754624 6275.148344 78.60520699999961 64.83244000000013 -0.037676848764257156 0.07821500000976178 0.06572359667312416 1.3824623383196168 0.015451320042328742 0.017305871823185548 1.1705441576592428 0.018986008244934904 0.03307810265949418 3339.764879 676.5371848540799 773.4183439999997 1810.3299856913816 34.7483826235175 33.503935908551966 89.91895088070514 1.2359690216683106 1.2288287511845226
2102119176929154304 6155.612391 53.17481900000075 41.728666999999405 0.04906870613858 0.07280802088150422 0.0492812876711383 1.3845700572818718 0.010644337232641465 0.015561576574245173 1.1675548740636468 0.022856930772711337 0.03609603690111096 3859.107436 660.7023810000005 406.8920899999998 1821.9088459923837 18.401765707483037 22.242518090767362 89.64665138360593 0.48094015154134695 0.49257232169513543
2101175933393051008 5956.156609 77.27645667281558 84.51109499999984 -0.08510956921215615 0.09204754302426894 0.09666206376026823 1.3190081907037734 0.04322382445636852 0.04301304959827923 1.022467769342919 0.08283315770951694 0.079164664923835 7418.40974 1882.0828780000002 1555.6701890000004 1790.6502186514033 62.56049607188402 62.37949812659349 90.29283610873152 2.109677046109084 2.110979125242892
2106705269988803072 5686.280523 65.48877899999934 61.38092212915035 0.2705746505227716 0.0761910787754585 0.08851698616671447 1.4409253624688716 0.025535644449812267 0.034090673867158916 1.129270731486602 0.044122992810819106 0.07199835302398072 7851.379477 1399.4610819999998 1303.8062730000001 1685.2704022560752 43.34242267729201 43.11796950759435 82.93029119813275 1.350085638734015 1.3137315926940971
2101243789577188736 5843.322811 89.91061699999955 88.59554000000026 0.08828124985770369 0.0909445630607591 0.08937802405243203 1.4495502682931038 0.03128581698557009 0.03922184805926032 1.1132157417927706 0.05814071238248464 0.07689302850535418 7228.667184 1637.0285902918058 1412.8824079999995 1625.3579913425756 38.49105614815767 39.34326145976638 81.73223916483471 1.3618953458978922 1.325096874552699
2101733244046205568 5822.638879 79.93668999999954 71.55980199999976 0.049820075478156464 0.08487432505496766 0.08371281331197548 1.5041501017960972 0.033368184118658606 0.03675244425657209 1.0942962596149013 0.06101993766024827 0.06309515006787003 7851.199611 1331.9850370000004 1382.4076809999997 1488.7052071098435 24.5384246794747 24.83460423407655 76.69288100609691 0.9189759724792168 0.9284117079794498
2099656472742686848 5637.776966 104.05057399999987 76.41821400000026 -0.34549258424398294 0.10497212506424564 0.0949749223056276 1.3749994176918166 0.03941569802216516 0.03774103647981031 0.8431390508270071 0.06000461666080137 0.05594978734100853 15071.29448 2396.1427000000003 2485.6861900000004 1396.6070972864784 35.55856034769704 35.938249191822024 77.10720796641188 1.1348943182659497 1.2767293758239049
2132152916856093952 5775.80198 73.35401399999955 76.50817300000017 0.09348837562653754 0.0845283718320491 0.08294994308441765 1.5440430864921755 0.0339234645755333 0.03833508888467141 1.0972180538937206 0.06311600372027559 0.06794029913025978 8006.008361 1386.3391350000002 1267.7411540000003 1422.504113200992 28.29325677665929 28.868457619780884 73.86419357244358 0.94456258199736 0.979944698611348
2131494313689868416 5733.226597 75.18404499999997 86.90478299999995 0.2698929173982906 0.08414263324804166 0.08938131598083063 1.6318546745688043 0.02242732891352106 0.02816604697573566 1.1612294238600374 0.02300643356291765 0.04201300035191813 7102.047454 1091.9557440000008 818.8340599999992 1349.4972317376796 28.33736223760684 27.47375730896033 69.8629978472993 1.0701757985527678 1.101667876847813
2102224661326132864 5831.9471895 91.4166195000007 84.10189349999928 0.1355953798265523 0.09196758203317965 0.0929134101116337 1.6822123828913542 0.025206693524733037 0.030123107138954497 1.1501534724247147 0.03397442763058689 0.05189412900306678 6706.250256 853.4739089999994 1025.511477 1246.9424883463525 27.205996660631627 27.29320283414563 66.41955586489262 0.9880626039500413 0.987308249912914
2099606483621385216 6307.939655 29.386279999999715 31.433329000000413 -0.11043860728285455 0.07010973282917729 0.08196738881698938 1.7913536738614078 0.013940712400144939 0.016230582538230953 1.1742208219797898 0.021023767533055127 0.020938685335076146 3926.680908 289.42259200000035 205.85165199999983 1086.4824292440276 14.229859977980823 13.150590069354848 61.345388583410994 0.49636410621143057 0.5537343015513372
2126237131982289280 6047.423525 58.510311 74.68714100000034 0.04437112829391898 0.07682862220336972 0.08140783436976744 1.7802300505529771 0.01938423281975199 0.02320688331406684 1.164204394952491 0.02499931174903236 0.035980768689356735 5142.981248 507.4980050000004 505.204788 1107.7174502582939 19.457549637898182 20.469613012776108 61.383495665620224 0.7188851070640467 0.8113959673688882
2080386917291928832 6212.50003 80.60618299999987 72.83803499999976 -0.1863978421669916 0.09190787012860088 0.0752254305765169 1.8130064485239565 0.012041726335282998 0.015747378894275688 1.171227746216882 0.018992758534010168 0.03111681061786742 4288.84725 851.3282790000003 446.4481139999998 1059.968891756054 8.95931321829994 10.095649482286262 59.89891740720722 0.3086569444343539 0.2923930993459294
