# starid Teff Teff_errp Teff_errm FeH FeH_errp FeH_errm radPhot radPhot_errp radPhot_errm massfin massfin_errp massfin_errm age age_errp age_errm numax numax_errp numax_errm dnuscal dnuscal_errp dnuscal_errm 
1044013542142711296 3688.1823061006107 52.572741277730074 40.11706385234356 -0.0499 0.15 0.0998 0.43673148924847555 0.024265150504103827 0.02485066328098806 0.4645942433 0.024061195000000035 0.024703372599999995 10200.0 6600.0 7000.0 9429.737412612929 593.4564860084101 516.1945448514871 319.14043762435864 20.401373626981467 17.69318988666265
1344163891352965632 6008.1613501271695 100.50403361427561 101.69216405594125 -0.1998 0.11960000000000001 0.20070000000000002 2.814305896005249 0.1533733964423325 0.1409477843820408 1.3853739353 0.06859828069999985 0.0666180889000001 2700.0 400.0 300.0 528.3324979909195 46.59675867673491 42.35545374022905 33.609596302142634 2.405063930753478 2.2196770895431897
148080473682357376 3879.2019944914096 49.973975231056556 65.28261215549492 -0.3001 0.10029999999999997 0.10040000000000004 0.40726913628988737 0.026771227773025708 0.019361353117432367 0.4431484136 0.023971122199999972 0.020039006575504004 9600.0 6500.0 6500.0 10060.692052833017 530.150843955591 672.2572844802962 345.76697575393223 18.252087178924228 23.45963757344998
2086389357427331712 5853.9321710707145 103.46427365878571 103.44702065636284 -0.3001 0.10029999999999997 0.10040000000000004 2.7469940983715415 0.15571222850650646 0.1416476941141429 1.3057733024 0.0737107334 0.06756578439999994 3200.0 500.0 400.0 529.6283199320835 46.588229805862625 43.21490292200076 33.841189742929465 2.4320365178294097 2.292287263279704
2126556132093765888 3337.884988679204 33.644216378155306 49.3011339234763 -0.4005 0.10040000000000004 0.2001 0.1581922331836765 0.010085317846816017 0.0066868822256821725 0.1395852998 0.00825166049999998 0.006630587999999993 8400.0 6700.0 6700.0 22799.68820919877 1028.1074541621638 1816.6610917673097 804.6593564809887 36.576863743106856 64.78698235761408
2439222638771000448 3355.006974256726 45.26573500119139 36.34515319862112 -0.0001 0.1002 0.08009999999999999 0.2597069543507861 0.018413027091773004 0.017391853010081504 0.2484604963 0.02118753109999999 0.01938187320000001 10200.0 6700.0 7000.0 14952.637992165692 915.6652815326488 874.552714135787 508.7845354306535 34.3571127352277 31.57959747165927
2966680597368750720 4403.8984908772545 33.1881892239644 27.1085836287275 -1.5499 0.14900000000000002 0.14969999999999994 0.4134025100849373 0.011557123839823824 0.011038026316402993 0.4611374295 0.011019003999999999 0.011828697899999963 10700.0 6500.0 7200.0 9536.894741959959 360.50856857077633 363.05329330307177 345.0867554491395 10.828797205213448 11.208456026856993
3595647565382917120 3597.346165271157 72.66346532166472 91.34782314050926 -0.3001 0.10029999999999997 0.19990000000000002 0.2734620881478678 0.02419201604679594 0.021982356882499166 0.2580829936 0.03132193920000004 0.09124942159999996 8300.0 7500.0 8260.0 14114.088560401673 1201.7463220915197 6007.0375665773045 488.0456604595719 46.69800394740321 126.10482476218073
3675248118423392256 3746.1353057562637 51.54426109578253 43.165424114513826 -0.0499 0.15 0.0998 0.45774012616885007 0.02508917126969956 0.026120234864603187 0.4871214898 0.024634492417367537 0.024513285999999967 10100.0 6700.0 6900.0 8919.180130760464 582.776282722667 479.1037132571073 304.30731548688476 20.110639348768814 16.554833167268043
3857872051994269824 3499.6767645015384 53.40863159362016 73.60225714084027 -0.3001 0.10029999999999997 0.10040000000000004 0.2174591269409039 0.019242364519676036 0.013806405765221824 0.2053752663 0.019843204599999997 0.014301296200000008 9500.0 6500.0 6700.0 17261.947568211803 1008.161856781433 1215.886330663292 604.0096816352157 40.06908571372355 49.381749212644536
3859431674878660864 3768.648847497146 43.12572649854019 37.62326908063869 0.0624 0.0876 0.1426 0.492453513427328 0.023827541727956203 0.025211716118196448 0.5210389868 0.027195676637301047 0.02457059492958108 9900.0 6700.0 6700.0 8223.855319238011 473.93454781823675 354.2343155150802 282.1043316950143 16.11324763741152 12.756699955811087
3864142669886768896 3369.140000242964 46.39676112030975 47.2484510091208 -0.1497 0.1496 0.050100000000000006 0.2265620628509861 0.014921736271943847 0.014397140027352429 0.2119324727 0.015684180208303505 0.015582898400000017 10000.0 6900.0 6900.0 16712.23706464538 940.6883641183194 887.9261628073491 576.6861952332017 36.65829150043726 34.75819895232962
427224073427887360 3698.328348669699 0.0 26.814854834573907 -0.5 0.0 0.0 0.4160538538120066 0.0 0.01514935333403955 0.2277307443 0.0 0.015966343100000002 20.0 0.0 0.0 5077.378216723858 26.122832759154335 0.0 240.11780892027855 4.677416305554431 0.0
5337273743301313536 6854.834027367609 103.99885244292363 85.59707555368095 -0.4005 0.10040000000000004 0.09949999999999998 22.83792809688331 0.9635186760597563 1.8379062430774944 5.2509362254 0.0354276150999997 0.3341250295 70.0 10.0 0.0 28.539381079089175 3.074069917808451 3.1073524150031417 2.8351182824374055 0.27623988705413316 0.25905401180058174
5337294049909975680 5176.437372071992 32.95126259841254 57.20105094363862 -0.3001 0.21989999999999998 0.10040000000000004 3.798981076366966 0.3671736377260033 0.294461701936501 1.403712018 0.19277675170000008 0.218768771488703 2700.0 1800.0 900.0 311.2133622991776 58.85473088478852 53.705520565800384 21.350161017662266 2.678773549562127 2.5841628989349594
5351820556994135296 6663.50261977205 97.99679841142188 101.5694543193058 -0.0802 0.08009999999999999 0.11960000000000001 7.967198267714027 0.31724380427186816 0.32115490063840113 2.8852166242 0.07257894640000018 0.08991829269999974 340.0 0.0 20.0 130.3893444457138 8.877428034120328 8.33644213473849 10.16547069901059 0.6187308899985169 0.4913993038446858
5357465071731312768 3609.7543805555338 3.4040032080933997 0.0 0.0624 0.0377 0.0 0.7108052767532211 0.01647168787744857 0.0 0.4966154789 0.019856493899999994 0.0 20.0 0.0 0.0 3839.722342346432 0.0 27.104498571050044 158.7895887123175 0.0 2.3266461027789376
5409268527708808320 5551.5584924786235 101.42461132952667 103.18097831422438 0.2001 0.09999999999999998 0.1 4.085108098854929 0.27250001966007353 0.20287892484965253 1.9689317012 0.09500082850000013 0.08994395470000005 1100.0 100.0 150.0 370.35377471556853 25.445417408186245 29.128357813588366 22.893928196265076 1.430713564027286 1.6422777444177719
5545555570947605376 5802.785207877315 99.71632449870413 100.23348596299275 -0.0001 0.15009999999999998 0.1496 6.050957563931725 0.3176553043547097 0.27573010265861253 2.3441617404 0.08464793209999977 0.0874093505000002 600.0 50.0 50.0 197.9030411504788 12.870559938657436 13.031671756467034 13.86848560343021 0.815582698366395 0.8145654884047016
5664814198431308288 3460.0692263268393 33.325208043994735 92.30906173385347 -0.3001 0.15039999999999998 0.19990000000000002 0.3478244102069729 0.0335067136438279 0.03303807826179028 0.1462258154 0.0275934575 0.014293129299999985 20.0 0.0 0.0 5131.333391768208 155.7546207442174 622.0517123971831 268.7474081379367 8.961790023268975 37.85169663681586
5880886001621564928 4779.919212790181 19.30401302156133 34.978589187173384 0.4501 0.0 0.15000000000000002 2.990130231699991 0.11961333673396135 0.09383237630111152 1.12515359 0.05517189330000005 0.09895768348773504 9900.0 3600.0 1700.0 421.73935443978024 39.560600754154905 44.98904192492523 27.487046420648817 1.661159006637817 1.9011653558017443
6239410080231903488 3527.0235827346 69.66116887962471 59.37265629861258 -0.1497 0.0998 0.15039999999999998 0.2886864811040018 0.02084413039093036 0.02065783785473796 0.2886951976 0.02361815810000001 0.023675255900000025 10600.0 6400.0 7100.0 13685.813348763599 906.8500694855047 795.5080722420662 467.8004065773164 34.63713832907996 30.819550244414756
6255655673768103168 3611.8675482027274 61.61146298617405 81.86663531514841 -0.3001 0.10029999999999997 0.19990000000000002 0.26949535351848763 0.027339234685023972 0.021369919777603635 0.2660863163 0.030836665399999963 0.02622883040057053 10100.0 6200.0 7400.0 14411.084279683835 1101.456106436126 1249.2256712890066 499.275034524626 41.79269176508126 48.72046141260142
