starid Teff Teff_errp Teff_errm FeH FeH_errp FeH_errm radPhot radPhot_errp radPhot_errm massfin massfin_errp massfin_errm age age_errp age_errm numax numax_errp numax_errm dnuscal dnuscal_errp dnuscal_errm 
2103295173333142784 4706.222533 44.59504899999956 38.74038500000006 -0.2262734914637065 0.03124263865543836 0.03394489412214602 0.6755606811136609 0.01797996025926374 0.015237869873531373 0.7109035704590015 0.004070103564426164 0.009006562767080561 5467.081039 5148.000000999999 3749.698987088356 5328.89427010206 299.9211521237703 311.8437923020556 205.15375428083652 7.857336518277322 8.27281322688205
2076764576237957504 4667.766872 53.27025499999945 63.39938700000039 -0.028897447763298945 0.03843480850176557 0.042268713118420245 0.7090265899170103 0.032422630796482554 0.032797839996089206 0.7299380564074205 0.028033311163807584 0.022016882006937744 8607.49121 7453.859 6231.0875342812005 5042.23967255414 434.61715099504545 445.1876184483808 194.32152479946535 12.889857771547781 12.738855770880008
2129084935820532608 4674.609199 57.82715199999984 61.2983660000009 -0.002763036916267964 0.038369903665638604 0.03707404915431344 0.7163484691764869 0.03103805908774593 0.03440727468684768 0.7388476079634005 0.026060608774822747 0.02889037152481022 8781.14267 7478.856016980008 6404.388954999999 4982.189693357918 443.51520867783165 432.11635666843085 192.21652157553797 13.24319636098511 12.091397920454654
2076328963475704576 4675.411796 55.78175800000008 63.39013400000022 0.06805247056242648 0.03779854650977535 0.043896585431917115 0.7276769853114557 0.03354597821369709 0.03560078359990104 0.7508691820421297 0.03194456538132806 0.03295227590367511 8971.49121 7061.87011 6448.17217124888 4906.827516767126 434.1294545329165 437.65240659906704 189.20433903067598 12.794080988098273 12.099988502523786
2106008493152187392 4840.768633 20.30641355295029 22.609195204999196 -0.3770223856855523 0.01055188038567162 0.008775482797321488 0.6538550501216377 0.0054510451353543266 0.00639885760625325 0.7029569478658689 1.9027563998852415e-05 1.7165049519873854e-05 3192.755472 1182.0 1358.1475499999997 5560.2247957322725 123.86362238042966 103.33774837143847 214.5250710444299 3.1911276221712797 2.657572255948253
2119602202081351168 4723.631145 60.65834099999938 56.17399900000055 0.32278582833153147 0.039971347871483376 0.04123674941012889 0.8047700741041081 0.05278866396935766 0.05111860783772437 0.8367543009401237 0.05797196973505603 0.05684422544396972 9618.009509 7530.658681000001 6406.1962889999995 4429.586471347191 489.4100599182402 480.1978349248775 171.5161235431438 14.505866834101141 14.023285364995388
2086629463276947456 4778.359971 54.565481999999975 59.73895799999991 -0.24002345455532847 0.03704605371981795 0.032248715951951834 0.6909736713308833 0.02480896409530875 0.026838138454194582 0.7108673038057414 0.009129593786134316 0.009038234377356735 8245.28958 5944.440259999999 6215.823200000001 5083.545924561782 459.10729003389315 392.79164038961153 198.66722256099757 13.278802152204008 10.759623065611692
2104376405579347968 4784.950441 57.2638978183204 60.06285800000023 -0.18663975834256918 0.035616057503345344 0.04250427236209081 0.6975019138528961 0.030250699915205126 0.024467895691565045 0.719788231360917 0.01712890293877145 0.01788028907546113 8307.0523755 6758.5951245 5659.4816285 5033.744319779757 405.44662822504506 427.4366443913941 196.88094105395447 11.498854380883984 12.139847255321513
2125790322246812672 4759.391367 61.544628999999986 60.53741900000023 0.16936930529426494 0.042877553292251125 0.04058982809021908 0.7666084463442548 0.04603920630675706 0.04066376389631754 0.786982544366799 0.051861543411593214 0.047055598511889785 9328.183096 7255.903144 6109.283676000001 4577.366946014608 459.7252993662569 459.84842129171557 178.97209915928423 13.227617503964069 13.417204557117287
2052392835854583936 4771.261062 60.03983100000005 59.928626999999324 0.1129556044385836 0.0357480723087544 0.04009354383327564 0.7598845261305406 0.040742233590411625 0.04469565540583287 0.7738144198381177 0.04412480091498672 0.042937753506611 10139.073 6488.305939999998 6737.204086 4580.434823504523 506.413415861517 438.2380682016883 179.81888537583478 15.110717262834356 12.476991395722393
2133369840008452224 4788.853028 61.72735999999986 60.93405300000086 0.12897368326791123 0.03968129451302249 0.03543608490563872 0.767309031671814 0.04317569388130693 0.04502619567280319 0.782762432255794 0.04789595344628228 0.04383116183198421 9933.541813 6485.313107000002 6670.134264 4536.555568178897 499.96235524715394 448.39308807601446 178.20453049011206 14.961443347586936 12.836572771194739
2076565805151925760 4844.703868 58.45767877000071 60.203951999999845 0.034232045198518385 0.039617407692961404 0.03850372038636704 0.7516023637398851 0.05010642091823525 0.04569834797011685 0.763718276104771 0.04308187572268862 0.03897679453018954 9720.753715 6900.969514999999 6687.553525000001 4601.432763698056 515.0621354184586 533.1754341820256 182.16818874060593 15.407482870493084 16.08531694709211
2076871091425583232 4851.946519 60.68201700000009 60.68583800000033 0.22744431814762295 0.04297446625582718 0.035140882001632734 0.8094880310506852 0.06935106828390192 0.047699282538806176 0.8319188934694082 0.0567270026645218 0.05227031370971791 10091.60105 6409.5983 6896.270869 4262.414557659848 527.074960115453 546.8231552941838 169.01839877832077 14.847338364867682 17.277049792167162
2107001283431633408 4893.1031015 53.01076149999972 52.334468500000185 -0.31869406028021535 0.03913245227650969 0.04134754709126043 0.6686470666045538 0.04372405292246817 0.01766417985127411 0.7106994972600673 0.012253059172490088 0.008949079483183353 4768.755472 6215.537950095201 3338.935454 5348.267376487938 293.1302807672173 587.3209512924686 208.7655432406064 8.041699812266785 17.797063468724815
2087250476887856256 4861.09257 60.29162846093004 61.73276799999985 0.11006936341469052 0.037958446435511675 0.036966715526788346 0.7810194623929559 0.051958031611426425 0.05283775233354615 0.7928291126640189 0.046954707153989306 0.048039104243670416 10442.95405 6390.5877599999985 7417.314536 4395.316436805126 565.4825569421182 510.9120226613404 174.5865041583918 17.11406723557056 15.105249462966185
2051933102555095936 4869.486226 60.21238699999958 60.476058668000405 0.03308657377466529 0.04170680557033946 0.038787612563910834 0.7555001667845661 0.05460952785589812 0.04636926749943926 0.7687162772107988 0.04305489367050419 0.04375411744004831 9722.017942 6851.475383311999 6765.350732232903 4568.806038662935 508.02323539657755 567.4968077904796 181.34290470316682 15.241097019404293 17.322569431106814
2107244481660894592 4885.070193 60.254682000000685 58.790954131379294 0.20122635954823243 0.03528303878551636 0.03875712971347073 0.8104877682212138 0.06868575889853179 0.04894740908803352 0.8289608089085516 0.055844047056457624 0.05610868583781614 10295.97676 6276.12347 7310.6642249999995 4229.763439501976 542.9141048908496 580.7233035316963 168.59849099635747 15.17421686567053 17.959719240159927
2102067396802935680 4920.018106 59.89231899999959 65.19351628730055 -0.12028540210838964 0.03515938220994544 0.03939225131588983 0.7327053839783295 0.04125876310413046 0.042917987959239956 0.7409443114976623 0.03176507968427933 0.03003328791915949 9523.670012 6853.921138 6773.514855868101 4669.246971043061 528.5658748496498 513.6925033847529 186.2799314003309 16.026286222376513 14.80001262954039
2119583201145735808 4911.043123 59.001954999999725 59.31247600000006 0.10953648706820585 0.04220787859510933 0.03624859056039083 0.7919530613594667 0.0592000675765052 0.055433570282441 0.80081537278166 0.04997906337182645 0.05101264592026544 10229.60502 6789.495209999999 7456.065952000001 4314.222830275241 574.1808889012591 582.098041577728 172.28421317470827 17.41999603338587 17.334500924266166
2077961463362645632 4936.880899 58.379902000000584 63.60248799999954 -0.0779167095663726 0.04374235156221749 0.037547164582649575 0.7444853916849267 0.04722346759490903 0.0453338122638417 0.7507293157709516 0.03605454175255152 0.03274095771957164 9770.874319 6642.167510999998 7171.151310000001 4579.979236039591 540.4279005446933 545.4860559179792 183.29686261980135 16.393536661189557 16.083095902567038
2073277200237694464 4937.9580315 58.51482128386942 62.10306649999984 0.2838624647869574 0.035953054394219586 0.03979546017155616 0.8522858145413137 0.08676805313526226 0.060076035214548185 0.8715720702830425 0.05492058669750144 0.05697575436126878 10653.45934 6522.134800000002 7889.079806 3994.3221806985316 614.8188242070605 647.1657586459064 159.98280276365165 17.785288365824442 20.05220366485611
2132768956905956352 4962.506202 58.421385999999984 59.1847029999999 0.20629643487484034 0.04676741451465266 0.0371127391439314 0.8334396104717703 0.08290174109561799 0.054328481340257806 0.8508529058368105 0.053138266552712365 0.05322513943888929 9684.60502 7415.387428554952 7167.825598000001 4093.4190812517295 571.048221931936 704.268707914403 164.25251949705796 16.271764119618922 21.455982824308194
2135427576021495168 4982.15302 54.0378810000002 63.172325999999885 -0.22957077474321255 0.032619095554518 0.03693355019883629 0.7145449787781017 0.04981963413792512 0.03605740120890055 0.7307509185058569 0.02494694003796183 0.02091468553617215 8662.696891 7590.856589000001 6592.697016 4798.858452592589 509.93668125401655 625.9318074455041 191.89924359503027 15.213385832872177 18.85463702086156
2126266823097360000 4973.850707 57.85567895566055 57.23535199999969 0.1707990376628785 0.03534691499029738 0.03680000515588741 0.8274949799283402 0.07456429487511285 0.05860599633649077 0.8385561756573324 0.05335614562233171 0.05382642199989951 9829.279422 7369.287938027697 7141.717672999999 4110.351520641806 580.772801236817 695.9860253444067 165.16786489185557 17.250817184323125 20.680590944267124
2100597143598879616 5000.519747 60.87462999999934 60.05871000000025 0.34317707175268775 0.038596710345499385 0.043430354026136875 0.9012283417300736 0.10416789296456697 0.07588208518090378 0.9127485154089789 0.06362817103212504 0.059981256347091616 10463.40195 6945.708310000002 7606.31894732531 3734.546565049378 689.2542689797683 735.3162993932738 150.96476329932852 20.448351161660156 22.570062032069046
2131114947819394816 5001.26209 59.60827199999949 57.61909800000012 0.06236278945187367 0.03644279446919744 0.04040739074789338 0.7947863088562604 0.07010732169867206 0.05552528152084524 0.8039228907546127 0.04823235030918516 0.050980087476748204 9214.254686 7683.723074000001 6173.556694000001 4254.264282435802 534.1753287824595 655.3308636219044 171.78805650855733 16.40950426485645 20.1118882084601
2131169545443676032 5006.296039 59.60566800000015 57.30468800000017 0.033382071691080685 0.03802648393133148 0.04383826987650116 0.7839898505840336 0.06858037343549961 0.05087846724983758 0.7946909728017697 0.05013188020750836 0.049996298828616004 9199.129586 7627.769834000002 6351.389841808004 4301.111755205071 539.3483145670343 638.060849358495 173.82442672683095 16.18800344288107 19.628901944575972
2129161734133025408 5048.389817 61.08088698196025 58.10442899999998 -0.05663780230658271 0.03788798374367225 0.04062825936719542 0.7675139414643685 0.05702164446706581 0.053687060537046305 0.774636103765522 0.04421754373967135 0.04465858076517015 8746.162848 7885.433892000001 6307.311347999999 4389.322857800213 566.2927789039031 627.0579016227139 177.83943408074146 17.52147087517102 18.7297814631587
2103788854053938816 5044.488285 61.94567899999947 59.293604000000414 0.16783210229196485 0.04151562548844698 0.03391545982781577 0.8474381505316977 0.08737744138097625 0.06539272172282706 0.8536224709667689 0.055993524709667675 0.05095673856662564 8985.975066 8078.377597713252 5986.596074000001 3994.6788128519197 565.5377251951527 774.9484125453305 161.42775174846167 17.53824480805767 23.185895722684194
2102911581215700096 5063.903012 59.39938574916505 60.748239999999896 0.30171396315651233 0.04192475589267708 0.03986955712288237 0.9109595403647406 0.1497549263272313 0.07962065554961262 0.9145087622542859 0.06119824594037504 0.06156753154693084 10315.05297 7316.012095857201 7102.212079403225 3633.5282495272377 695.9212906597195 928.9955312286074 148.56510227462527 20.811957222522352 29.40055246460065
2105435544515167232 5067.664895 62.11523487784052 58.731496000000334 -0.11788688088598318 0.04119232694212732 0.036094792031769574 0.7513683337934287 0.06168040928357399 0.048008313204161546 0.7589587064501533 0.04388556130913479 0.03415556428143374 7808.740576 8598.3756406096 5246.974637 4497.382527431504 525.5776161636732 675.5818379198822 182.1492108688468 16.223008569289732 20.566155834897927
2076782889978499840 5065.403559 62.74427923141502 59.41506800000025 0.07938946181961712 0.04656707184996578 0.039022564481816104 0.8216151807024505 0.08086038852177113 0.06273593014027157 0.8232802619275048 0.053578454626502015 0.05040982052184395 9568.021715 7258.665916097949 6168.859252 4051.7129701299427 565.7577853047578 685.0679783714668 165.42299052900466 17.436325368679007 21.319699865017526
2051105410816218368 5079.046056 62.28545200000008 61.93238500000007 0.16769125115531636 0.04489110473182878 0.03478408689670634 0.8595287075058806 0.09637729472558187 0.07033819413969433 0.8646171389070434 0.05613942687647677 0.05704496304861506 9177.24786 7714.185908238203 5958.301034 3902.106151633733 584.0135586581082 800.2135615766606 158.69998786201435 18.2770236911781 24.358822360807295
2073547954981763328 5080.580607 62.839719000000514 61.28160099999968 0.09319110064766013 0.04273990487645633 0.043858765231855966 0.8311508254398224 0.08461969151391935 0.06486025796971429 0.8298245462772108 0.06082804093585292 0.051073813282389025 9683.622939 7226.448820999998 6165.555153000001 3994.524232420269 571.34072942487 704.4826437492106 163.27716030627698 17.779498013884563 21.77758781517366
2126576679217244160 5082.068768 61.34564399999999 60.99447800000053 0.15120205146563523 0.0377812446251625 0.03496489001389366 0.8551330354215911 0.09285160903972345 0.06894207212569803 0.8567513770046755 0.05592035543713236 0.05281277562716802 9372.945910999999 7554.119909000001 5997.898485999998 3911.083972653162 575.1573582232504 772.6124275865018 159.32440175436176 17.994040342316225 23.479595010903125
2119814820141727232 5107.84518 61.10982799999965 60.91081000000031 -0.24727191710682667 0.04295820798387989 0.03605317214991671 0.7272421043323729 0.055926231356660194 0.03589988972089464 0.7449805841838016 0.03091142476496911 0.030019004072193267 7363.153144 8597.543746 4998.349432999999 4664.941233556245 460.43599928177355 688.29644443098 189.02589932461316 13.497424054748905 20.939024668499968
2101768089124657664 5108.888433 61.568201999999474 62.607686000000285 0.125148960173239 0.035232694720856994 0.040254395160209386 0.8544520492934661 0.0958851010405718 0.07057978270148146 0.8505659785832789 0.057607286500930055 0.05191898600704847 9858.890952 7070.331068000001 6124.188064 3865.09996726345 589.1423852778289 755.880449126515 158.69480223741476 18.358831016377337 23.41060752271133
2078286197246582016 5108.968687 62.312449000000015 62.21512799999982 0.13358298758436143 0.03554396207758928 0.03700490491353563 0.8584733289911834 0.09852836574129986 0.07174357246789398 0.855530940626414 0.05639201850082953 0.05285740787290738 9736.906237 7192.315783000002 6089.8942179999995 3852.8787704774913 592.6674219015486 777.3950645602022 158.0797297633782 18.500316370330523 24.094922265035535
2080246282881778048 5118.302124 58.16517630562521 55.49041111059432 0.39998627729263503 0.03558200487912655 0.0391156121108579 0.9889047348125399 0.21809661441708794 0.09963064838937874 0.9726253519179529 0.06276961226622846 0.06421893796189238 11280.265405 5557.792831488003 7541.301800429096 3247.4860039203977 769.2491771108039 1027.1388462755353 135.31590924913453 22.869062455718932 33.95316849957179
2052528625536778624 5125.210606 61.84665200000018 63.033055999999306 0.11593644887120536 0.03546892217079667 0.04185492959709354 0.8574569979065662 0.10196264514570641 0.07183779942143009 0.850495477854306 0.05348484440199086 0.05181706349605353 10143.17102 6843.048769999999 6289.294449630375 3821.031183155793 609.9112182235222 764.4471127941456 157.58602182809787 18.910196107442033 23.977220118931427
2104094071610116608 5148.573878 61.302853897374916 60.28873900000053 0.02766974631106859 0.04177336014681151 0.03557149541064443 0.8287295866474578 0.09625950535435956 0.06480434998590967 0.8228603142124579 0.051699302196973496 0.05129706299331349 10329.74171 6454.258059999998 7215.321973 3900.130763306186 691.8842239029582 721.5570137308787 162.115999408127 20.649980190363152 23.36100984675724
2102700131386216576 5169.086051 58.246140000000196 61.673131617970284 0.17268340146229794 0.0408628798989398 0.042768063869706274 0.9043131178936834 0.15831713971657768 0.08868354454585703 0.8836968050877282 0.05704705940844601 0.05576876175154599 10695.21376 6417.763269999998 6870.906476 3557.395798501467 715.6297593565146 976.9281120422552 148.34566895506606 22.355568454514327 31.42773403369823
2129025841368107136 5176.91617 60.54907000000003 57.81052600000021 -0.07548286955432994 0.03663314025042041 0.03961516099960269 0.7957183884297521 0.08118120198448686 0.06117692237403949 0.7927448780855663 0.04884478507867884 0.050774969584234 9394.740576 7333.633520359199 6220.2466349999995 4113.783916201127 605.5752936224171 736.3428349661003 170.23591886685918 18.936545426476755 22.98767789393517
2128098197152438144 5190.043225 55.9325259999996 59.83132000000023 0.2119915452222022 0.03710275931675436 0.03764027414344459 0.9357733110187086 0.2054367372931304 0.09250194879138707 0.9049173467900056 0.06153026715039722 0.05342154809551314 11179.38206 5905.992910000001 7184.272106448225 3377.621551021282 761.4768001525158 1081.493096316612 142.33700569621237 23.10123458646197 35.88632381345039
2126418658780855296 5212.2400075000005 57.59429749999981 61.840798500000346 0.08736850381685743 0.0344748963640408 0.04489987238046023 0.884418010576442 0.15634606733495515 0.08687925056217904 0.8572941551455432 0.05510306973002865 0.05262863154190345 11397.93777 5952.775989999998 7947.635201000001 3551.1064073158377 811.1222373335713 924.4641620517036 150.09568331323229 24.832059988948743 30.78393897399792
2075112109039378688 5234.717898 59.80545400000028 59.16955425611468 0.2587552677935037 0.041896481557344156 0.04117448124964315 0.9849018136383766 0.24066118649965207 0.10518140409599896 0.942356948368609 0.061572145349944485 0.06254562264340668 11217.41409 4967.654640000001 7344.67247140798 3132.9381735859956 816.0903526105762 1080.7026825086236 134.00549383127557 24.467438568878066 36.78983952009261
2104847370214740352 5243.569021 57.89373725054975 59.86060700000053 0.05518702780893854 0.03943548633046361 0.04582077438565079 0.8851287063556422 0.1743698939480206 0.09064010248624033 0.8489648162485546 0.058028903021467015 0.050288933688602766 11732.90016 5765.050300000001 8620.361887 3492.7656347861375 905.3145139543522 994.4508203443925 149.00409189251667 27.314242163344773 33.4281995229495
2077140987172577408 5253.831732 57.72186300000067 59.811399999999594 0.04406061455097231 0.04126263030967342 0.04505620924325026 0.8837936191244385 0.17905777899032083 0.09034795049086419 0.8466441956161077 0.059328663030466244 0.0482894698607409 11680.69799 5843.19296 8581.087762224328 3482.7295067301566 918.6392572382883 1008.4675252810275 149.00211319919725 27.538197961797835 34.16208424827322
2080344586094498432 5265.479442 56.21722800000043 59.43179499999951 0.0455142666906436 0.03958491506728557 0.04628669509906875 0.8908280810572992 0.19045365560137328 0.09419787781017619 0.8493981177416922 0.05903014881102009 0.0484284198503141 11816.53236 5737.222390000001 8659.542807 3436.701413393655 942.1595723420146 1044.3232798585473 147.50651190378198 28.415197224640565 35.496609545554975
2053586321364864640 5263.851464 56.127064999999675 54.895338000000265 0.1186667741317499 0.04287148866375705 0.037462354262894584 0.9347918396337641 0.2048627689401129 0.11231262918614882 0.886684507314866 0.05703823513146644 0.05816836584384899 11790.8594 5381.091060000001 8404.656583 3274.0251307966423 933.5250553330566 1040.0627586399432 140.56831879232863 29.049620148816842 35.25382110219728
2053546910744629504 5277.272655 54.523287494249416 55.67115601618934 0.07354343477719953 0.03656360227274591 0.037803251287356836 0.9136846401479206 0.19844799455937245 0.10468843435301967 0.8687942220099543 0.054535272233673604 0.05319327183148159 11881.87899 5480.255450000002 8726.68376 3323.3425008237978 975.7272846153105 1031.6428341133728 143.34412887096406 29.759604860461224 35.171927951756984
2130460394803778816 5313.294713 57.45371241584962 58.05774568826564 0.3308023873350826 0.040656746555089274 0.03917528817485427 1.0443813636938755 0.25104263242373803 0.12175190781414436 0.9998455346639183 0.07053694987643899 0.06857600673671504 9618.0579125 4232.133647499999 6260.4693845 2933.28695975202 832.7767973535178 987.7621805946462 126.28339216548906 25.523886023359864 33.86704016809273
2075161655782111872 5337.3538855 64.88991766549498 56.39419249999992 0.17957624617020765 0.0394799273367126 0.0383961176383949 0.9893041650850889 0.23960796031174092 0.12770222890941507 0.936491783721281 0.06519637441558501 0.06469181187471718 10127.77074 5175.997289999999 7204.969161999999 3069.6953429138603 939.3421986928984 1050.1610205591478 132.7792881029251 29.637600454330055 36.06442659683965
2106674071344722688 5353.913378 58.21592299999975 58.11623233427963 -0.24382683732139906 0.03607081020468711 0.04220000291716183 0.7899610391253588 0.11182088732264761 0.07138407969426663 0.7677122045146046 0.04714248805992649 0.04073521542406122 10190.6201 6910.364249999999 7252.079867 3967.714611366355 807.8697926169234 935.7971545944702 168.96616827096057 25.09277465184323 30.238663466934014
2105618029085927680 5344.089368 63.29494900000009 55.18921765387495 0.06191579050135336 0.03721545426533687 0.035469668039387864 0.9252404505771321 0.22717597410813384 0.10322986550837665 0.8789214463827861 0.05579377256045459 0.05901120054295905 10623.61512 6049.137700000001 7468.419890000001 3264.11046379426 927.944051897005 1123.940716608492 141.71338550948278 28.38986390092279 38.843121387697266
2128504397979254528 5350.713695 63.051118999999744 58.15965475876601 0.08802242890974965 0.04152417326435687 0.03702422390009872 0.9378963259948124 0.23375245273958034 0.1030044361818987 0.8915858850736514 0.0643766175657331 0.058697387260570166 10410.4039 5797.49955 7330.865032999999 3216.9635146920505 908.8548609943869 1110.0775636097032 139.7144483563575 27.765195281592526 38.40176248664058
2130634667395736704 5382.825859 63.9036500000002 58.069964999999684 -0.043989764647331536 0.043912044598923144 0.036703065893217285 0.8839497268183831 0.22049034734323691 0.09001290481202229 0.8487082122567996 0.05191696696998638 0.05500227389271528 9957.808086 6689.386114000003 6713.980667884799 3487.0744204653242 799.8871981863135 1258.5048991554204 150.267705195487 24.89973189411546 42.72218460733181
2125850623586710400 5399.135496 64.03587865518512 65.85244647213494 0.1994037842888869 0.04204301153748294 0.04077202935590171 1.0014771275096763 0.2802021904852281 0.12039968687111569 0.9652985410487155 0.06295871921744267 0.06746399979890405 8752.333431 4797.358469000001 6054.380153999999 3061.3551496465666 846.1063490546867 1150.7946835348937 132.31757980526572 26.609375030925378 40.005018088165585
2125713940547834496 5415.860514 60.67663400000038 62.742311968730064 0.1190064872742661 0.0393526988055381 0.039430610867894816 0.96022053621238 0.260850347228213 0.09829084510889885 0.9238592066763862 0.06797453923885177 0.06290226534613641 8964.8766655 5328.112359235054 6236.890988499999 3178.2364395683016 789.4347117652896 1187.8650608108283 137.93801215444245 23.998563007290556 41.14697951609453
2126878048483137152 5427.018761 63.239032999999836 63.33554956857006 0.004453460257906681 0.03930936743968062 0.04647757532771761 0.916242760974712 0.26467779587613627 0.09509428572453438 0.8726993414106883 0.05682111940955459 0.05320495500477607 9588.354537 5927.911111384456 6157.958437832384 3326.7449728305237 796.7082775727413 1317.7771858060853 144.40236627109394 25.02225666105491 45.53421753828236
2077540827141811200 5434.374689 60.81636999999955 62.17350299999998 0.37836696783049695 0.03868402540498184 0.03899946105250729 1.0985286612087855 0.25201788994519125 0.12397967213226369 1.061900761650998 0.06892434121994873 0.06836340505756366 7683.3166015 3260.8344184999996 5284.0856795 2791.83206866047 751.3813664011295 903.5399985081563 120.82714922557422 23.387160266742356 31.235331966397098
2079295583282164992 5438.398884 59.68101999999999 61.53567722573007 0.28114019097308185 0.039723492220435974 0.03911605807377172 1.0586797123828913 0.2665401707816446 0.13230941590989098 1.0166417364637272 0.068539506996393 0.06965119551555976 7995.427445 3750.1269098023995 5334.994412763481 2887.732069103215 807.4861573309322 1008.3725853655767 125.16610328300695 25.85627372516322 34.88275557873641
2128911251641171200 5451.327643 59.96424641208523 64.48841432691006 0.003939972075109166 0.03883095171799622 0.04437034089584565 0.9265384406793308 0.2656156095975891 0.098772603666057 0.8782791533859535 0.06045534765940108 0.05628847167060491 9621.458086 5431.360514 6205.894128 3261.7971501894976 821.3393552239158 1286.87485597759 142.34124063680872 25.73201940902601 44.64725416918462
2127798442794047104 5453.829102 56.93339600000036 60.579987000000074 -0.12071381803234721 0.0391990986379514 0.03725408117877216 0.8820983409249067 0.2126949710139926 0.09976052378588962 0.8338495108340456 0.0529839495249107 0.05330950379568644 10633.58792 6036.849264742452 7625.21178 3392.4812164144655 969.6640821314818 1179.0420293543284 148.70628050162537 30.07517704067044 40.810434123564804
2076692386427776768 5457.209997 58.97370899999987 60.37936614271439 0.11015319914417257 0.03804517474352179 0.04051655344603784 0.9725368592453286 0.25633981794601934 0.1003315103492699 0.929648521944598 0.06803820169926111 0.06116338846714586 8687.971818 4837.639021999999 5876.70177 3118.384288946142 775.6922960094557 1149.394850817453 135.8999368757635 23.80780109200245 39.85073729331168
2126454633427425664 5477.581817 57.233908000000156 61.74389000000065 0.26895002040481547 0.04121923317388282 0.03818964220925228 1.0701980947738918 0.2677550150856798 0.1350152476333435 1.0244451704288373 0.06785292368407791 0.06754288899502303 7710.1058219999995 3400.6172079999997 4908.552135999999 2837.0390006965777 793.9363533880178 977.4331378700517 123.65564313816319 25.627748140934585 34.0667065233274
2078832551450444032 5493.794379 55.4087669999999 58.80120600000009 -0.06315186350274415 0.045302057477386616 0.038165184373001634 0.9232931442916544 0.24467600573968962 0.10830860349557447 0.8654253923885175 0.05884377004675467 0.05360940177458906 10150.00809 4993.84282 7150.747888 3211.884184574546 932.54121625569 1194.475666740858 141.67092859599424 29.215150054210596 41.81213837110525
2080562667352233728 5495.064997 55.74419399999988 56.81322100000034 -0.13993213477204125 0.039973784463572276 0.03633209223000308 0.8887601386324816 0.2264995850515018 0.10273866055043368 0.8348915705595494 0.05384815494444739 0.052310927052435674 10259.90538 6040.502710000001 7242.82329 3333.5765514312393 967.6921123841753 1202.3691193753302 147.12351929487798 30.340019370650964 42.027420245046045
2087171453788422528 5498.250988 55.485788320999745 58.22616199999993 -0.08319179115132906 0.04118201905489178 0.03803222482749807 0.9187725847869471 0.23464466562570097 0.10889387699350694 0.8614937258056407 0.053984129003066705 0.05415209491729922 10272.34366 5125.62768 7282.743856000001 3217.8008228573194 954.9254992111478 1172.7269546312 142.15470690490005 29.890256948369455 40.813660049671014
2102469921138142208 5498.191177 58.37998900000002 59.51996306233923 0.07039531240116242 0.04001355212592288 0.04142175334145165 0.981522522817854 0.25511385151152755 0.1090721323119217 0.9272068634055602 0.06547020363625267 0.060660947162033074 8811.475989999999 4394.079810000001 5652.390312999999 3051.6572751628164 800.3673081080151 1124.4014266127215 134.02095449210043 25.14200756826648 39.04994598037713
2078722600285671936 5508.277184 58.21056800000042 59.59338799999932 -0.3932447060908606 0.039178941892848484 0.04264349014888286 0.7740959050075629 0.15584284160374573 0.06512655138402434 0.7588903076768387 0.042995346136443624 0.033982118546076134 8953.657423 7874.6846369999985 6311.52599 4036.097959610164 782.8424612522645 1253.004705416411 173.6853253626257 23.971103719557192 42.24695222503695
2130250731680096384 5502.24502 55.96022699999958 56.49627500000042 -0.13033656310492106 0.03905617739519908 0.03823936936906169 0.8956427313560735 0.2271009945248652 0.10333901680231428 0.8433379533457341 0.05097833200020119 0.055553816801568456 10173.29476 5810.206099999999 7103.194956000001 3306.531854883121 951.8656975642452 1191.511775953093 145.95078907274092 29.92474997584833 41.573075904768956
2102548708017562112 5507.017319 55.52251100000012 57.956779999999526 0.10885319705133943 0.03831484969324957 0.03878021904395136 0.999127501409042 0.25788956751563885 0.10884883616918284 0.9512279488210748 0.063560433864562 0.06448900859685269 8396.124934 4147.299996 5447.3975286585355 2997.518513596244 789.2902885452309 1080.5656242587338 131.78625177708943 24.441844192513457 37.85616564538901
2077994272606400512 5507.918451 55.10820600000079 58.06980299999941 0.11805569516063869 0.039237037000245806 0.038104080058738055 1.0025524324666286 0.2574637269248303 0.1089212999706688 0.955961708813031 0.06327234226534628 0.0661261274889523 8337.096 4091.037690000001 5440.26503 2985.1606353712245 785.5762940136196 1069.8809189295937 131.23937383264735 24.32123186058803 37.45557891504353
2130405041264941184 5508.735494 56.39076800000021 55.55596499999956 -0.09233219093749417 0.039438062405685925 0.038920483614852064 0.9190668686772834 0.23034251065408307 0.10852537325235656 0.8614184203911317 0.05245876359519375 0.05781681665074667 10208.95766 5122.98912 7159.878096628163 3204.4241522705343 953.957410869436 1144.8628391817228 141.90824526522292 29.908053668222323 40.172613152333184
2127398083121764736 5517.570893 54.5644199999997 58.08652299999994 0.11776348855630285 0.03947002102234272 0.03787993143089938 1.0091592571185377 0.2576519200852423 0.11232097430942556 0.9578550580664622 0.06284108340455474 0.06185582273389978 8323.502432 3941.1145480000014 5398.448572277281 2955.299217592731 792.3362676395227 1052.92910871105 130.2274820588569 24.733305881255205 36.96991030337006
2130243550494676480 5520.652815 57.234332999999424 57.34935598396078 0.309198456903097 0.040523020123275355 0.040722374956276786 1.1053814565756253 0.2563888440477109 0.13663831501578694 1.0614233562917903 0.07028358202202001 0.07062171534865014 6932.475515 3006.848366 4318.253526 2739.473767013811 755.4797504619551 884.5775497150116 119.76439687274389 24.391688744618804 30.9392138018937
2106821925598401152 5527.094987 55.59128308343952 58.07080994390071 0.09949296528017774 0.03815417669358993 0.03970412378073974 1.0063897627345768 0.25303237849169236 0.11324107127452177 0.9543251787240461 0.06435247291484347 0.06672518576240516 8348.096456 3922.460624000001 5371.689969209856 2958.0548387698077 800.6002361015862 1043.0118928229958 130.47435234882562 25.216478712691014 36.6003404550395
2076955822541823744 5523.1402180000005 57.910203984844884 55.03051400000004 0.1688548717738127 0.04284189929678944 0.041419822815788626 1.0388459444032276 0.2702213232629962 0.11872650853764455 0.9849352038610426 0.07336280729978406 0.07003413503594591 8154.616975 3406.1667150000003 5223.659899 2851.372668987852 801.4576908050271 1007.4646945633963 126.06092377653454 25.040240243868055 35.750377328242664
2125831210335846016 5527.451375 57.28440627616055 56.89969799999926 -0.1505262464229434 0.04112867261677207 0.03498469926999068 0.8927737404889663 0.2329921133905003 0.10082663031913364 0.8409464702629329 0.05423857523503095 0.056082660499723325 9733.991474 6065.877596 6634.426229000001 3331.267284770609 901.4774932390519 1234.029354746906 147.0903675377191 28.435596051981037 43.23409197339066
2106306495162679552 5539.975522 60.876638873290176 59.45834299999933 -0.28902128088595036 0.03559536603078339 0.043149666771771955 0.8307441025840105 0.20808770024001721 0.08166686220719244 0.7899904207933236 0.05263879593786136 0.04460589160927042 9886.109065 6728.097614999999 6912.835514 3631.79228724019 854.4378855581131 1325.5273243480242 159.40252302055308 26.218410433789387 45.9976053310679
2133021810218800384 5539.834634000001 57.35781699999916 55.910806000000775 0.02044071843265231 0.03880951492978356 0.037377924685701794 0.9886518748885706 0.24720757980362285 0.12765860550849162 0.9162182439294153 0.06706701131650994 0.05929206877482274 9276.794268 3953.04872637725 6111.414626 2959.1300643073414 912.3869470942623 1044.2920045267406 131.72662619155713 29.37900404463747 36.92298935367843
2129503716608032256 5559.371783 62.454339255240484 62.61995430463958 -0.25272090320922347 0.04774227030340722 0.03700112282362539 0.8530037752261657 0.23649604576798544 0.08289333796304288 0.8117762430244835 0.052626276385360216 0.05119422804283347 9717.368658 6336.430482 6490.159876 3516.0255869220678 808.8101193628513 1370.6424811772135 154.89280334330346 25.08309572359687 47.915148573868834
2101964558106974848 5556.109625 62.19518595368481 56.45730300000014 0.1374279364133109 0.04133666854956192 0.03950482730915629 1.042794597042737 0.2672764448431939 0.12427809166459325 0.9849469398220301 0.06592401387562208 0.07115181105145285 8063.552561 3262.7062589999987 5258.995248000001 2823.4229806737176 815.5713705546787 992.508074327523 125.3699466374133 25.84571051515198 35.262524445637155
2079192121810035840 5568.019839 60.916189000000486 57.98199099999965 -0.35214300431847545 0.042749721039246624 0.034617703221632434 0.8215920105879444 0.20282616432880718 0.08483123256669944 0.7787571022070283 0.0489082128915439 0.04509929264491486 9910.921257 6731.906982999999 6573.313258 3661.344402862399 883.2641704065181 1343.1753841759441 160.90591233739568 28.01827355189036 46.12118386718943
2099862910348755712 5558.841215 64.11142259297503 56.80774900000051 0.20150645604918188 0.03913144264688112 0.04165459474659253 1.0692545476831323 0.27429503463655336 0.1265953950721962 1.0123954079734552 0.07218002461678164 0.06561196118847712 7643.4283825 2954.980487499999 4945.3743325 2754.7646404515517 800.0514242275226 950.8102972774384 122.30955980218235 25.2993839792166 34.0117472643436
2104098950692667264 5563.187717 57.1329310000001 57.10722199999964 0.3870507323547357 0.037650389603669066 0.03871993445977262 1.1421408225354703 0.21977287737348572 0.13088846469055704 1.10836373133578 0.05661228862814349 0.0636428635724573 5839.213734 2737.5822290000006 3575.02407140557 2680.956497146331 684.1096041236315 768.5321827089285 116.76889327862811 22.08681477577322 26.461991936966356
2132004074768150400 5579.438096 58.57058099999995 59.485146999999415 -0.017708975869437593 0.03948410876428757 0.040588901509423896 0.9829502345048511 0.2512802503149556 0.1305655003249423 0.9098254117440048 0.06452962292200237 0.05807404529686799 9161.852659 3951.672761 6327.6371500000005 2947.193585512343 968.6492967729341 1038.4343947294096 132.00067669657525 31.14337173993451 37.0757317840594
2102063136195478656 5579.065379 58.920706972145126 56.17498599999999 0.1179032991820018 0.04097202925072439 0.04003505325306307 1.0462464428877885 0.268809252805144 0.13087423056279002 0.9854218887939268 0.06170306470262932 0.07171420344956003 7906.1033275 3184.8962496915 5149.646801580566 2803.3952928237204 839.9663538940313 983.8743011458807 124.83689948847412 27.071172029045428 35.07088167797497
2052747119115620352 5588.912758 60.61425699999927 60.74086997766608 -0.09059106947346932 0.04118532196804099 0.04002872046674169 0.939569912351835 0.2475212811355153 0.10847291619938237 0.8826165019355487 0.057009244884621224 0.06090734100849626 8930.659392 4841.220968 6115.958462 3125.3612476412172 885.9585391981209 1156.5128488666314 139.21038505405988 27.980821660478313 40.964619164910545
2080452613110460928 5581.864221 57.91220700000031 55.971300695039645 0.368262687423698 0.03765302016979527 0.03939249170974585 1.1462299969950023 0.22382799772451145 0.13705050611949332 1.1044348232869137 0.059985514051581035 0.06647765421547436 5937.188478 2576.219266023143 3661.251025 2653.174472119955 692.7443051483219 767.9776887413811 116.06341126138865 22.608982820566084 26.62951420968298
2132155017099178624 5592.785568 63.38841299999967 60.475368000000344 -0.11088897300159836 0.04078629439383234 0.04216667561953277 0.9276765906359092 0.2489377111406339 0.10166980020359218 0.877875052536323 0.05745712220549992 0.05892531999396722 8768.491225 5090.299788526854 5865.29124 3187.7797942376033 836.9524626955504 1208.4780683469846 141.51157795823613 26.445463891824488 42.54254181783003
2101230049979183232 5592.28807 55.04756200000065 57.187965999999506 0.05819074353703363 0.03900942137352362 0.03849805844816448 1.0252906293673114 0.25206828239215073 0.13607603356108056 0.9569572666029863 0.06363070785782499 0.06108196621587658 8148.972372 3452.727728 5338.74370995375 2849.789247492624 900.4358667573424 975.4418200626424 127.15415346192262 29.295082798454786 34.639529330992545
2133124511477266176 5595.324438 59.53908700000011 60.075511000000006 0.13851143934391205 0.0407023544957921 0.04100896185806038 1.0619303762142205 0.2829371539030763 0.13464978362838254 0.9989411970237796 0.06422304161498671 0.07296872002413157 7671.1500825 3007.5480774999996 5016.692338500001 2756.223000188598 839.549475013674 982.6429398042549 123.01376035392828 26.92423269019939 35.31523449009633
2104506319750394624 5599.900471 56.37486600000011 56.466339279189924 0.3857637313343982 0.03740930869044479 0.03916872251968595 1.1484417366874284 0.20879255327177915 0.12967282461165075 1.1234956784475392 0.046787686893569935 0.07305110161251838 5546.407342 2543.328741877197 3449.0019270000003 2662.42683515878 653.7484732650214 731.7255892518335 116.24697712074064 21.308660219700442 25.18373955818477
2102587087846067712 5614.140678 61.771258581529764 64.20104199999969 0.20018248757405374 0.03990730045078042 0.039208648109779476 1.0848713020554759 0.2878806294907561 0.12867330650919961 1.0303753426172642 0.07643128148408818 0.06995536373234124 6996.940513 2779.258321000001 4747.256496 2717.1532691236066 781.2861850346817 947.2291001165311 120.92237101947994 24.826972542099796 34.177625456876754
2101854881822529024 5603.843331 57.20896400000038 55.474185000000034 0.3949194443606228 0.036855676519337466 0.03917370682851623 1.1457493909487741 0.20585740235913885 0.12459022995259228 1.1269941697250012 0.04515057825132973 0.07521646121054237 5362.96132 2541.79728473665 3367.4171170000004 2681.3195294730285 631.765331236069 731.8638440375055 116.80858942139622 20.633237045218834 25.092392986810466
2126436800722944000 5632.877914 58.057410000000345 58.16232499999933 -0.21588499386473323 0.036589776119725165 0.04150766274384585 0.9034012401007608 0.25589243574480813 0.10150203649706402 0.8387688899502288 0.05742358755215926 0.05309620280528893 9621.557845 4684.840875 5839.025142999999 3224.501675274193 845.8802677346216 1260.0672567779325 144.5636237516074 27.05573632937194 44.89330094888119
2105362903731391744 5619.00856 61.172867294714706 57.356212000000596 0.34700379449415936 0.03945403985264678 0.038433743831045586 1.1415013913571088 0.22967471847915477 0.13244748163331055 1.1062259076969483 0.05768286109295673 0.06893758987350562 5751.926944 2504.0026551602105 3816.088824 2651.751276026942 680.8004928252999 778.522793732694 116.45362394169075 22.20212131275045 27.10857565830773
2127851116271982848 5622.690551 65.61225800000011 56.56706099999974 0.0669403899638827 0.04025130103259025 0.03835526603195197 1.042680436386066 0.27335344891791324 0.14528684235120226 0.9743591367955357 0.06521529033231122 0.06755595244080226 7700.363958 3166.2828919999993 5102.734316 2797.256255432243 907.8255695311773 988.612873762635 125.0900373870157 30.015090444908324 35.4943420888351
2079885608708649344 5655.28229 56.723283000000265 60.21414400000049 -0.4259819962267364 0.03837422169867227 0.04051569519065201 0.8264020914209469 0.22073548226619977 0.0903446477970058 0.7732798069478659 0.050319073953044025 0.04374243577497361 10013.22682 6265.05082 6509.30657 3543.8839046419903 949.2163309467282 1345.6877959825665 158.42965989555017 30.242239580639165 47.61048034164068
2104466153215402624 5627.517253 65.35446899999988 58.67694281006516 0.4269521562937746 0.03744180630680416 0.0361443699036762 1.1399442068243644 0.19476972519630698 0.10763560994368793 1.1394070715398923 0.038242010959730566 0.059712187924186644 4580.1278395 2606.6919815 3061.113781517485 2731.1837796800173 556.4980675810993 715.8776075189271 118.26909268082068 18.004745901399872 24.352856574989104
2107243072911617024 5640.537684 70.02122200000031 55.940543737534426 0.05759331190043309 0.03962529616360307 0.038636658998909945 1.0418702058782934 0.2762872995709609 0.14625229566015063 0.9744620738022222 0.06522598649393185 0.06773284187334228 7484.792288 3180.276106494356 5009.59495353756 2794.7072715189747 918.8505080487721 996.7771842951363 125.1737409675373 30.41477752641137 35.732664001671324
2106705269988803072 5652.0482595 60.429582499999924 65.6128505000006 0.26744138000846857 0.03938082847259666 0.03979274404038005 1.1196210286581894 0.2627228595192812 0.13000277317481534 1.0823615454225528 0.07409877884470384 0.07057384947966394 5726.352300500001 2713.4427104999995 4016.394101500001 2686.6880531360703 708.1663907319798 872.2768821964498 118.52727722698035 22.87362089098133 30.86052894610451
2126601108991279872 5653.411516 60.164300999999796 64.37197800000013 0.27702043284662725 0.0419409964846737 0.03931852735197017 1.1211515997659265 0.2608369913070734 0.12967848644444058 1.0865409159921573 0.07186357850284031 0.07397164898697905 5589.013245 2747.2513091729743 3931.547813 2692.8253500177107 698.5372340065956 872.7985635456157 118.49856632596335 22.7554831907879 30.661247701449327
2127001056345369984 5655.005692 67.39377192688062 60.69080343923906 0.15250107088423143 0.03873428885093094 0.04267504468812555 1.090645960506565 0.29720716204099196 0.147623068318409 1.0265628253984214 0.0688550124116889 0.07359949473425664 6819.969174 2749.1210819999997 4592.411472647671 2682.787262229006 845.8492376852387 965.8380019086349 120.00092605377512 27.773831351648397 34.86699318373954
2086660283961964416 5659.8258295 64.18698850000055 59.56202849999954 0.18061038916933303 0.03871801272574796 0.037858220400067755 1.0953377833180928 0.28886666494130897 0.1374106980796772 1.03933388064954 0.07698812628827101 0.06457108639485198 6461.472362 2796.2690199999997 4434.866633000001 2690.4617283110265 790.4111200517791 939.3359669825675 120.02347740018655 25.659004200169164 33.88748881547025
2131709921047710336 5644.758755 66.12283614633543 58.73650399999951 0.38358815759157183 0.03733796277176993 0.03901892431033177 1.1467728982269074 0.2070580069531911 0.12153983778763133 1.1334401935548741 0.0413151500678699 0.07710664014895685 5044.608176 2442.512497765173 3382.4489729999996 2667.1473344895066 619.0415357488728 723.2489577826966 116.64223172018878 20.15734847670508 24.925074622887635
2133022669212268800 5657.495817 67.24459999999999 58.194860025255366 0.0189442650886551 0.038862847174336135 0.03998635411206362 1.019595737360318 0.2715829212355525 0.13813592007568576 0.9565159381127144 0.06608162762053182 0.06684576818661714 7459.151604 3459.0949360000004 5096.729568 2866.59147977029 909.1727844404809 1033.809142985715 128.24469470736858 29.97099994639848 36.92566720770324
2129753580626548736 5669.620123 65.05845899999986 60.224733999999444 0.008678263035284092 0.04058217159038101 0.03916905405107701 1.0151320762665563 0.27652822704980484 0.13467478102336716 0.9554980197074054 0.0666671705796591 0.06682988839173498 7371.811893 3476.7732969999997 5055.98812219414 2877.2300249020545 900.959360989018 1049.528218294428 128.82073783986908 29.551717937936473 37.70000057042449
2099541715513813504 5676.497624 55.90788599999996 62.834546999999475 0.27623401500979916 0.04205005400738682 0.039180638540413315 1.1243660633666326 0.2577602092603941 0.12825405614122898 1.0949650444924839 0.06390891599028481 0.0770374933386957 5263.892975000001 2735.640207180797 3651.6490620000004 2691.651860141535 677.5461483231434 866.3901412390858 118.53812109470529 22.040059448508075 30.498921336045683
2052304325169514880 5691.624051 56.16770499999984 56.472499999999854 -0.29054664221129134 0.043234538058763955 0.04009265128349826 0.914607871512621 0.2349787668869373 0.12391645329744594 0.8272485483384445 0.056305681212608816 0.05369436654768489 10054.12968 4424.283310000001 6659.94495497432 3062.1170418740567 1099.4629824888443 1105.5231325309614 140.18520144455314 35.50666189115927 40.26851080854624
2086337508581280256 5700.453891 58.37469470720498 69.85444999999982 0.09872747196549207 0.04345281895543797 0.04043082130737711 1.0798891894845206 0.30927073793543713 0.15717038596249067 1.0108025051530845 0.07418341812880191 0.07235373586043947 6634.657313 2782.681463000001 4573.156891999999 2697.4628128148906 897.2415097752992 1009.0660209052876 121.10960703278803 30.133745517291402 36.593367541935834
2099656472742686848 5697.507329 58.41497799999979 57.41602299999977 -0.36173207113712164 0.04019345382403139 0.03909879005309114 0.8747563392513098 0.2285856379797213 0.11224259850353979 0.8063440616359158 0.05278159710534669 0.049384067668794995 9840.152256 5227.2125452266555 6965.532938999999 3266.5887923787463 1074.301133812884 1214.02639880391 147.99492082974714 34.54238721888035 43.53201192071094
2078195212660287616 5708.128087 55.76521700000012 65.95128771152486 0.1617634461017874 0.037184567866410556 0.03891087980385034 1.1048007321267332 0.2803866753509665 0.14938356309345113 1.0447468176562265 0.08062394092288971 0.06784014881102007 5981.271151499999 2715.9406255000013 4119.716774499999 2669.9282433508597 805.904929410673 918.3670333636142 119.22794793064827 26.80897999476545 32.987776683278426
2126432677554353280 5701.252937 62.35103699999945 61.01872000000003 -0.020786636739763453 0.03961429646006919 0.03804793124143496 1.003849674841986 0.28985302146057257 0.1234409344680436 0.9466355555276256 0.0687568103664975 0.0637096397868383 7121.557744 3552.201156000001 4804.333592999999 2911.0967229093358 843.583765270565 1112.4538569712677 130.59374312818102 27.423176892708824 40.12399979819159
2086718317558873984 5707.659949 54.765863000000536 60.100933104354226 0.28529341202466796 0.04177358817269011 0.03960233857775164 1.1341337286558888 0.24362892899866018 0.12962882605232418 1.1063488552611733 0.05728737167563236 0.06890374102389263 4841.007158 2624.71667 3248.2977202735256 2664.914768663686 662.6481343878017 815.8015508620654 117.58487785641721 21.758620512855842 28.714237779084442
2052975370856687744 5724.347985 54.31354199999987 67.95511200000055 0.12225019895118312 0.040063373051207565 0.041952692142267226 1.096072906422356 0.294025773679095 0.15872745575895597 1.032577395807149 0.07116395450578672 0.07592280117448846 6173.2592625 2639.0795135000008 4248.646442857225 2663.8111608419727 867.7901617410084 953.3034618114941 119.62504710273824 29.130953533217607 34.51801701308199
2102815683186036096 5726.708356 55.16617505636077 69.48286028009534 0.06851636642251266 0.041102685951402027 0.03939640290550235 1.0570559936046746 0.31482619035295056 0.14362823303254602 1.001946977527525 0.07351701824945955 0.06907977024785072 6439.207139 2853.9512529999993 4560.6639521497655 2768.144738694447 865.7626797984085 1058.5891465905852 124.15230396815994 28.7127018662693 38.46334611759825
2051104586182508928 5742.789048 57.05599000000075 62.31961799999954 0.06913787718855506 0.04134696419371983 0.03927420098569419 1.0648724874480235 0.3109392900067498 0.14540693680015182 1.0062631355889597 0.07452177720467823 0.0695058981448895 6259.6645975 2803.7321844999997 4413.3915925 2738.9237408276513 862.8744228428595 1032.0713774358271 123.16753650716244 28.603065076034525 37.570647850486935
2132325200882204544 5747.204983 62.497801000000436 60.41497899999922 -0.11062549124396204 0.04150091686088307 0.040485225174622524 0.997353822673499 0.2809829656883889 0.1335784689751951 0.9176923296968478 0.06949159619928613 0.06108228243929403 7681.162825 3271.1505150000003 4807.7326490000005 2847.0317918220676 925.1765339832641 1072.240867219147 129.8026040508404 30.555510230133365 39.21581842861147
2073731161099713408 5753.263903 58.53483803979998 56.73898300000019 0.10064550227327632 0.04177222502348302 0.0415837811663636 1.0911935542078597 0.28789274889720895 0.1534216224687568 1.0317275762907847 0.06865321552460912 0.07882553013925897 5930.780159 2602.219008 4068.346287 2672.7834135735407 846.991355965687 946.2218991076427 120.36655838588241 28.219941593072733 34.342554558056804
2128724678262662144 5758.753163 61.213699940190054 55.96741881457001 0.04957035905032826 0.040109349322243144 0.03984159556691453 1.0516319571449932 0.31140139487971386 0.13307549625597404 1.0018173696646726 0.07353879945704067 0.0690886793021972 6110.433872 2841.1462869999996 4283.39099318953 2774.9751950095315 825.6382368521713 1048.8679229009053 124.86464175756623 27.074850226083697 38.350997480528704
2076121602454770560 5748.129086 53.196060000000216 52.939452390929546 0.23570965809520433 0.03887920544136986 0.04016334880714964 1.1295735754297578 0.23633319520737817 0.12893869689493154 1.093696627369162 0.06281768211754057 0.0720468093610176 4790.2339535 2466.9440309600113 3147.0435985000004 2658.495602933654 652.3354276465589 803.1042403736349 117.90840555969298 21.587886535663316 28.29818683385065
2102454253097554304 5755.419741 61.33047739567519 56.13440999999966 -0.42013291125362956 0.0402077984107711 0.03984325557571333 0.8643244161102388 0.2409166363291293 0.1045064095596312 0.7997442049167965 0.05217007742194968 0.04298872404605103 9613.518945 4824.7185850000005 6899.318268 3303.889074327082 1010.0806881862 1267.1195880695964 150.33258078005736 32.34322031942375 46.060934687540396
2076960598545789824 5762.850452 61.013958999999886 55.88575356779438 0.04913733700150779 0.04025058809254244 0.03959856772465256 1.05252113519902 0.3139008856835579 0.1324689721757334 1.001932566990096 0.07353521039666178 0.06902225931325734 6070.396682 2854.241057 4239.499938 2774.3655140863807 816.1229994026999 1056.4359300296642 124.79728740798572 26.80477974623733 38.54738732349146
2099605968225288960 5764.275015 61.67124799999965 54.860185999999885 0.06963116106480463 0.0415324708388701 0.039714672296578324 1.071579890957401 0.3014296652231174 0.14386500485975728 1.0105905389372078 0.07423261702179129 0.06634126087175118 5978.707405499999 2695.289376500001 4143.0211541718945 2715.8363423419314 841.3364916465362 992.5224194867851 122.41982870050921 27.778110415673666 36.242110910852276
2101188990094347648 5765.929637 61.685152000000016 60.304847999999765 -0.00041590437719641845 0.0399731443249693 0.039977080338315464 1.0268562098494913 0.30809973150338266 0.12054439704503761 0.977571306872455 0.07174066130514789 0.06573014604595051 6372.885956 3018.1830423097254 4318.409164796811 2839.7218649360775 784.4372110247059 1096.498965723523 127.93681579823327 25.54116409097587 40.08447687286642
2105535462635217792 5769.541724 59.7458314755504 61.52993199999946 -0.05961779898697005 0.03949826323882295 0.03960752578125658 1.0166661871610392 0.2948215645254979 0.1274209722965085 0.9463307526016792 0.06791195364737812 0.06297880599266015 6986.87208 3004.2907449999993 4485.790404 2823.7932858427384 839.1678833823626 1079.40672172581 128.2615973902068 27.45134856368881 39.56138572249843
2131216137248338304 5768.634289 59.27906100000018 62.322909252459795 -0.15063553018071915 0.04064285412445161 0.039709747725846095 0.9956672517066663 0.26894342566871976 0.14587796804637765 0.9058073741893318 0.06730630586697506 0.058888754713186664 7856.129296 3249.4713671802065 5230.565721 2820.7653810882307 1013.8950797840548 1026.6440427239254 129.3783938391774 33.84044217145504 37.801937691933446
2126801563705846528 5779.621134 59.90981499999998 60.445090999724925 -0.059832736989289634 0.040099068125927326 0.03913152379958561 1.0213207324718048 0.29350899975269873 0.12870418370457282 0.9507063712231663 0.06696782068769047 0.06610412347292749 6906.738176000001 2959.263439999999 4419.587833000001 2805.0908388672124 837.685357957283 1065.6470768331478 127.60945295270513 27.451420696946954 39.0762373405411
2102110174677569664 5776.277047 56.93486211698564 51.38915299999917 0.1847495420558372 0.040821997585903075 0.037699963909944095 1.1230212923503395 0.23596397188550755 0.13836501442829485 1.0759460605298878 0.06733079835101297 0.06623059524408026 4824.316626 2487.608964 3140.072438643565 2653.7080922308 689.2095512283868 808.5040486980531 118.26639859909578 23.299789450947898 28.600025382268356
2099925719951103872 5787.896039 58.78883182492518 55.48123300000043 0.0809490413231684 0.04030886804586051 0.04150405890758743 1.0872186745515509 0.2837379364435779 0.14397633786804476 1.0256951093459352 0.07118655781643213 0.06908562364888626 5708.650545 2570.2181199999995 3812.977447878271 2668.8193461753945 813.3661717037112 932.4250736571094 120.55192997783539 26.974601268735967 33.918107149422724
2129550445852902656 5783.773365 55.81726957361025 52.344794999999976 0.1400413438636899 0.036846171430758884 0.03976556086519542 1.1108160699086136 0.252662407944644 0.14101709794628603 1.0566618415363733 0.07456262832436766 0.06817331657533565 5200.120235 2487.7006149999997 3338.5185960000003 2643.396914793742 743.0787170968342 842.6152423149722 118.71135914258925 24.946384203702635 30.25167775529556
2100624562669914240 5783.935452 54.34761900000012 58.08521465787999 0.3330058096524659 0.03932572797393996 0.03931347975364735 1.1574776392219788 0.1761033584085301 0.11668122482014165 1.1394906585893116 0.037284685536172146 0.05882773364838356 3903.241399 2234.80553 2455.686434 2618.411515073416 564.1341865910845 623.5746115422967 115.75038636110258 18.649156747735162 21.683917806361777
2100906140725803392 5802.304836 56.570323999999346 64.09453500000018 -0.13891753212363128 0.04026547645900999 0.040646265783597146 1.0088802100047736 0.276679065791408 0.15034937757725297 0.9215246362676587 0.06744764767985534 0.06188985169171979 7381.475672 3006.965188000001 5088.049408999999 2785.5077831297112 1015.8577443775825 1017.5468649839911 127.83033452698486 33.99885706363578 37.47657827024949
2100416823690394624 5802.739604 56.37648257144974 64.17472400000042 -0.13914920471841663 0.0404057490366342 0.0405972662410124 1.0083150482812564 0.2774501822989841 0.15054884401042123 0.921653999547534 0.0675374229700243 0.06217484364788084 7384.540145 3000.946784999999 5120.9999015618305 2783.815052466948 1024.3788393350123 1013.9709576056184 127.85557263286348 34.28941857334242 37.46133246837741
2134719834131370496 5806.877539 57.492129999999634 59.81415600000037 -0.029792145982560077 0.039253788069123496 0.040027945249769714 1.039843073336324 0.29483640252879906 0.12803308365971344 0.975739857724599 0.07243477100196083 0.06409274445729218 6374.152659 2788.1562380000005 4091.654852 2762.8679783234275 800.7658414208863 1033.8191911241595 125.55061329992012 26.308214075905454 37.84736045808039
2131494313689868416 5789.74163 60.34406622118968 55.17056500000035 0.2543423415339814 0.039921526253827444 0.04011122953006899 1.1469808138799267 0.2177027007786898 0.12850632257285333 1.1093937544618169 0.05926890603790658 0.06552363883163248 4508.280255 2172.4725800000006 2922.7002169999996 2595.8674866532538 635.9751739222406 719.4631418047202 115.81949286247115 21.15284887612148 25.583862298151104
2135019107451751168 5821.743818 58.53328599999986 57.93817299999955 -0.08893909648199992 0.03888014764611808 0.03880701730643503 1.0357520202499466 0.2827412111722656 0.14859306478208434 0.9518137215323512 0.06604696571313662 0.0629178982957116 6784.002687 2732.6204830000006 4525.551312782858 2720.7991137816753 942.5891925043798 984.7438337322571 124.90853202951882 31.566729602880713 36.38817174759768
2102316985943863424 5834.428276 56.72510600000078 60.509000999999444 -0.04037888889653948 0.03926309113164949 0.03878784872744681 1.053611924521357 0.2812165643661513 0.1358067133663452 0.9853094384394953 0.07095967246385293 0.06880713329606103 6243.63557 2627.766492142242 3900.6295792081555 2704.8868636217617 815.8691113776172 971.2943112803762 123.59192289556432 27.10321329768388 35.78832155571871
2135203000771400320 5836.8893405 52.66361349999988 60.490490500000305 0.008472111417078768 0.04075165999924164 0.038470113192517516 1.063525212362762 0.29007546814702345 0.1277908786095917 1.0028226544668444 0.07194915992157247 0.06625741216440106 5709.174663 2515.1152486484116 3621.893636 2712.812331324652 757.2048769494331 972.8025116409635 123.20894108567333 24.966840561506643 35.77780085535785
2143749504651818368 5839.2679975 51.003139499999634 58.10389356642008 0.09832853901052559 0.03974524683377843 0.039296135149502705 1.113203903909085 0.24961425410496862 0.13372087366356666 1.0543514594540244 0.0672607994434895 0.06642949273540799 5173.608418 2248.321696 3212.288004 2598.1268860274963 717.8296810198126 815.2917721173687 117.85530044123837 23.87194127831779 29.564565889035165
2101733244046205568 5845.467358 50.216255000000274 56.16294777007988 0.09771238069012765 0.03976176461709492 0.038813322643581886 1.114898327050156 0.25080546931163994 0.13212390720164235 1.0547770700316728 0.06718715127597141 0.06638724649338912 5132.4253025 2206.3183367512893 3174.2421455 2590.187038036395 708.3251953557692 805.079293828939 117.60974487610608 23.558853215021117 29.332154680383965
2077556465126659456 5828.962253 59.009023999999954 53.61322500000006 0.3298389868724725 0.04125034689795354 0.03790542851520384 1.1556008012848162 0.15634122928852 0.1050700772672637 1.147652208536524 0.028995615605047487 0.056913014428636055 3450.789355 2056.493708 2263.88973864323 2623.7300115083945 510.36048074218115 561.2875515335772 116.18632506321352 16.92575078318957 19.5732708832808
2076601917234347520 5853.411284 63.98900831458013 59.93480199999976 -0.1687936955426841 0.04132016583009815 0.042265257400778966 0.9843807188414799 0.3152231370451526 0.12475309960898873 0.9259741601729425 0.06879188075008802 0.06415759891408179 6573.699141 3136.5260352325613 4719.461991 2898.0276749607215 902.4691411116651 1161.6010248063892 132.38676819027245 29.64132014329175 43.10798134913169
2082074942519913344 5856.861201 58.187316000000465 55.940463191229355 -0.08942044724779757 0.03974058889925907 0.03878877874075515 1.0497145266481478 0.277237326817233 0.1547458338365626 0.9679667382233171 0.0681388703433713 0.06797133315800619 6398.294507 2594.196438 4322.337270999999 2675.714677213739 947.8198014987574 938.4417472678651 123.20204495885591 31.963750897975615 34.800728226024404
2130661880308812800 5860.812319 53.91123300000072 55.51057700000001 0.007507729204952917 0.04118687087286427 0.03804336513559521 1.0791317045957776 0.279716885100352 0.13229670844907615 1.0149595382333718 0.0671385959336459 0.06432945276758317 5554.421547 2324.252404 3479.2804794789113 2657.610126456392 756.9585926615669 915.9423555395178 121.16403651503848 25.16698251280428 33.770165425687125
2086625752425381632 5843.185616 62.98963100000037 56.556321999999454 0.31077123903168247 0.0392494775422092 0.03737040222883453 1.153783759999885 0.16456711806334368 0.10558500470159937 1.140659045296868 0.03588300588205717 0.05189616660801355 3491.108591 2056.061629 2338.9026080000003 2620.408566108912 521.4209413332574 585.7745946726848 116.25454886845279 17.285488092139474 20.46965786365908
2135378231142791808 5875.894641 61.36334700000043 67.33626967869986 -0.2980697560276628 0.03964585199447512 0.04296231114041893 0.9405941409732167 0.3004985144671234 0.11596885154448255 0.8777916605499975 0.059646389576416436 0.05923874332439294 6927.440589 3791.381961142999 4539.669748 3031.546508938057 899.3756681892951 1265.4977531644245 138.83449597423802 29.41991638263758 46.55799923817368
2127771917075703424 5843.224318 59.82566600000064 54.34123199999976 0.34947234079907286 0.037553351571868454 0.04025196110809609 1.1535482457426802 0.14020486018852396 0.09747279545459575 1.1506301493137598 0.02797155598009171 0.0550380084740234 3100.690308 1988.1415277448914 2046.4288130000002 2644.9357951770176 466.12003650381257 517.0510137878882 116.81399265715166 15.463346815478587 17.887445842885626
2102610280669509888 5868.517436 59.53617699999995 66.2974549999999 0.21269751864886677 0.04060598964824236 0.03920536868908603 1.1465217777509389 0.22110899256370886 0.12365788545926137 1.1143746355135489 0.05728571730698051 0.0666349386849856 4078.205983 2112.0698039999997 2692.825869 2589.4337198273643 598.3379093919648 728.1499900261088 116.09629511286334 20.018204048460717 25.98763401964935
2130625287187139072 5886.649721 61.39622908261026 65.24521199999981 -0.20188281380746614 0.041970210297491956 0.03933129946865341 0.9709014235637836 0.32593212688452544 0.1106483317229996 0.9216587823638832 0.06702182267986267 0.06294131265396419 6186.507932 3343.0918697558936 4278.8743810000005 2955.3426258025943 823.0766117644725 1238.7660095187857 134.94821335710185 26.61760507093598 45.9352666702854
2101243789577188736 5869.7170245 62.38364675602497 54.12275349999982 0.12562191046450236 0.04031830068800804 0.03912906501772481 1.133321297095073 0.24707582587116184 0.13031091101755843 1.076529687044392 0.07344882735910718 0.06855349580212144 4736.675786 2046.4189240000005 2945.2163689999998 2556.4178072683467 656.9038529680106 769.8714304256957 115.95178604697573 22.08892010899443 28.02541767716761
2101305259145506816 5888.702036 60.06463200000053 65.18916199999967 -0.15898920245831927 0.04015888595786338 0.042013560166968 0.9977544271237715 0.32506523620145256 0.12495140214059375 0.9404269086521543 0.06712061183449791 0.06362490372530294 6071.573401 3023.2392039999995 4230.383546781 2867.713359281614 853.2533154085108 1168.652665979407 131.1273989637192 28.107114630246258 43.51943671819612
2076792648144511104 5872.791025 59.60599114182969 50.95717700000023 0.07914047169131211 0.03780515338505057 0.04048884158439396 1.1203224132576475 0.25557484716207446 0.1308713438235073 1.0589932519732543 0.06528181866170635 0.07055799130259932 5085.455735 2064.4791080000005 3174.4306479999996 2555.5888897023287 702.5562306694228 793.0440168846758 116.68854690701131 23.25288497061358 29.18307757450235
2104344141784539264 5889.2538939999995 57.862317000000075 54.172795999999835 -0.011729925241657889 0.038250587273156 0.03948288621994817 1.0890647670479707 0.2780012166646537 0.14174166796068488 1.0177532285958475 0.06820733095369769 0.06719295108340473 5500.481027 2153.0756740000006 3469.241651400745 2611.61600471584 780.3416175616203 884.2296709786176 119.75598942024507 26.319180541056596 32.873262152292654
2126569051355142656 5897.251305 56.08883700000024 64.61591964589934 0.21243572815162365 0.04117847552224391 0.03820001188849351 1.1519388547651501 0.20802978096585512 0.11972107351748651 1.1208304042029058 0.052455076763848085 0.06117072545372282 3825.923132 2071.5129859999997 2523.569874 2573.3764874401804 580.4046843701426 685.2741615414907 115.557506235857 19.4320101612594 24.46082634959575
2104466256290759936 5914.782992 57.557457999999315 63.58803751686537 -0.20179130599594347 0.04145154674326343 0.03948097350275914 0.9850259887736733 0.32787442157387126 0.1136004086221869 0.9317756296817655 0.06415960066807869 0.06111378563169256 5977.824823 3081.487016888016 4018.5302030000003 2897.1294130704014 812.4002696886146 1206.6001464923145 132.82020908550777 26.439335588193245 44.97805051280079
2052688467040906624 5902.230655 56.10168799999974 62.62565900000027 0.2124075085699709 0.04067111717419583 0.037976521095012455 1.1531689914422265 0.20867582730895973 0.11891225435221453 1.1235017862349808 0.05009816851842519 0.058995797875396105 3777.806916 2060.9545839999996 2487.777357 2571.579738358341 576.5480879264223 686.5951869044027 115.52188844106885 19.232062764213424 24.55534259187165
2053070616052194304 5909.591916 63.76019981281479 57.0092617853652 -0.07904656798410468 0.03879163041602052 0.040896111386600695 1.0695831928604704 0.28172840168624935 0.1513886629086848 0.9894233462369916 0.07132124679503293 0.06755592780654562 5717.173951 2354.620938 3879.0907559999996 2631.8538197601274 878.2982438424651 921.5240806638519 121.32590144155749 29.844238616323437 34.26579342522015
2101175933393051008 5907.184835 61.487347999999656 55.3858739999996 -0.022170821231809926 0.039357041031706085 0.03821233474121725 1.0936062778573359 0.2835391290970053 0.14691396978898874 1.0224640003016439 0.07273940671300605 0.07075291700237785 5422.423951 2080.922447 3497.202236 2593.1023492482786 794.1804572478613 882.4888632118634 119.15684614283262 27.02767867703963 32.94162903373102
2132215421518219392 5921.287192 58.43849191532536 62.883277999999336 -0.170272447654246 0.04063841122558154 0.04051081943299742 1.0020214444693663 0.3257265965308811 0.11903385044573611 0.9439722929968328 0.06628452667035334 0.0616086953898749 5769.007647 2887.070871550186 3872.087254 2851.898651776516 805.4038780102742 1158.4984386334006 130.63394796376207 26.488737853880195 43.2401882572409
2134798444914611712 5911.67843 52.1029580000004 64.09547742317955 0.2530700870915979 0.03707530999572639 0.04137911685385548 1.1502380829551924 0.1794974852913267 0.10640699043001645 1.131982006937811 0.04760934693884189 0.0483794218490774 3272.612193 2099.3973082738685 2200.3985869999997 2614.416074327358 523.1486622460407 627.7175007852127 116.62612191120648 17.343410172004766 22.127418012587214
2105135854577044480 5906.808071 68.9801779999998 55.98219900000004 0.08694710554895932 0.038622516910104654 0.03871872319687801 1.1346031842911943 0.2571694049529265 0.13043408079126761 1.0763532517218843 0.06967315624245174 0.06870369815494448 4694.067545 1992.2312389999997 3033.358128 2529.290683803802 673.7240690513199 775.1568239389726 115.48942533852525 22.458217974121908 28.599589030460095
2130368310704421120 5925.726955 65.87164699999994 57.12801561634478 -0.09006652070652296 0.039901853355022915 0.03989540846707895 1.0655637041558115 0.29447252634045884 0.1467905031286486 0.989497127344025 0.0712622369873761 0.06751809364675987 5562.9908475 2347.9486724999997 3781.0088275000003 2646.238455326595 854.8899058607517 955.385426794852 121.97114484666801 29.043369164849764 35.55089255595263
2135179533070399232 5942.193424 57.87274404464006 57.69592900000043 -0.4026529832005862 0.04009708719557392 0.03904665177920097 0.9316118821063165 0.28380277956787825 0.11902826567056024 0.8657861042682621 0.05649006686441105 0.05745299431903872 7074.919982 3233.174978 4681.81568812494 3010.8612743141207 947.9716432321452 1194.1469708080456 139.30141639788613 31.46977492124742 44.50893870209602
2102224661326132864 5932.390902 64.82801199999994 55.74856700000055 0.18430718232685536 0.0380907079731522 0.03876117485430913 1.1598786214536712 0.20566655320875338 0.12118977546233256 1.122878678296717 0.04991701724397979 0.0549945402443317 3738.738127 1945.7185670000003 2486.3957884033953 2533.7159982736625 586.8757118244125 668.8637790374801 114.4949626826361 19.608885900636125 23.985945584953797
2127355923723254272 5935.423693 64.94507741363486 63.166808999999375 0.136015490306328 0.04072685832453324 0.040359178243787264 1.1540692309793705 0.2305479888081805 0.12728488112286285 1.1086302347795485 0.05998353325624661 0.07869054295912714 4081.633971 1965.024421 2729.8053280000004 2514.687907521132 628.6528529801735 716.5934803636692 114.30587772729416 20.919251153949546 26.03611110394057
2129495057954829952 5941.512816 66.61438365435515 58.14545100000032 -0.022323497169006667 0.03909182853688527 0.03876268682547075 1.1040337331849526 0.2965830812873469 0.15195638248106202 1.035612865617616 0.07367570257905598 0.07962040621386546 5030.900186 2006.911873 3361.6125169999996 2570.8926611548295 789.0094549038113 893.1262355703384 118.27180352540223 27.080161743921636 33.462564210636145
2128925579652377472 5952.387787 62.019432924685134 59.339326934394194 -0.10126897997265814 0.04098005322131022 0.03977540057304392 1.0618147349850757 0.3099782355378258 0.13980178243816033 0.9919930848122266 0.07496247785265708 0.06855591624352719 5292.0960085 2323.3822555000006 3602.2920994999995 2664.1479958115733 813.7492971093443 997.6825021300847 122.8442835243782 27.458023896949896 37.35932969003913
2101898759208960640 5949.770558 48.620656000000054 53.119298999999955 0.27652219884621665 0.0371233896063084 0.03722779274361948 1.144112097200895 0.14350052148932857 0.08873212932130192 1.1439875491428284 0.03594702522764548 0.035177586912661374 2611.354235 1930.3157392653002 1750.6549151 2663.4275280912943 439.85548785457377 540.6698093415939 118.22728037052553 14.521887733788873 18.790432584363984
2073539536845074176 5971.357094 60.96187900000041 70.02164300000004 0.08748667332285143 0.03727430493678839 0.04010379798320939 1.1489204138557716 0.2503583550440829 0.13355974812654914 1.1009744115429088 0.06057029410286052 0.07722106078125779 4039.542925 1999.013767 2773.0401500000003 2514.3312591143826 652.0020712761243 762.8070044750227 114.82090851963947 21.962281696592257 28.042576413858882
2116862833283266432 5971.069814 62.7713049999993 64.8815680000007 -0.012273254252201094 0.037684748596215956 0.04006023093923525 1.1189320616010168 0.2914259252230025 0.15642037276330034 1.0484973389975367 0.07307757768055634 0.07672481373485518 4706.755795 1949.2752 3159.51638933533 2536.6529043545224 773.0635585384102 866.0827788651934 116.77343187577051 26.808633847578648 32.33186335123008
2078515170549178880 5986.5802 61.663516999999956 67.96062000000074 0.02524765384057946 0.0419972302629682 0.03775283225255463 1.1402848718490657 0.27311464361301385 0.15133674019663323 1.0783950309185057 0.06737772463784886 0.07673307507750726 4270.052235 1929.9116035010156 2894.873971 2510.3818184645393 714.9709773365016 818.0030808947345 115.13310318122247 24.78725740559061 30.202179673778588
2079368391569401600 5997.683584 57.44223199999942 66.16426800000045 -0.022611824373375083 0.039528064565931956 0.03989027226042724 1.12068871220748 0.28914386930128777 0.15521613892291675 1.0509789673721783 0.07553018350007545 0.07708504348700418 4456.1350995 1955.2151164999996 2958.0133845 2534.0566193664094 757.7642311902036 865.8300726820776 116.72001883279172 26.466319396232265 32.230073434024675
2052185062520374272 5998.1855035 58.294991499999924 64.45266749999973 0.07722096416441862 0.037868523123415154 0.04098277088671831 1.1507487540042673 0.24482071904141534 0.13550750873029216 1.103823993263285 0.05836431337382231 0.07510786158436988 3765.3723995 1983.9221625 2575.9933565 2522.304780835228 635.6342205974333 763.9338802634713 114.97779586011079 21.747226960126355 27.812074496723554
2100392428275714688 5997.118735 56.73936099999992 54.74994744516516 -0.27123380080575127 0.04099274742766451 0.03758319388661863 1.0236067360835532 0.2856582616824337 0.14437514953099018 0.9356620858679804 0.06457905609526693 0.06267320597255033 5948.6216475 2414.5587634999993 3810.8919705000003 2695.414971226988 911.1896039010398 990.0965219674408 126.00476200975092 31.02047142143715 37.27849714883601
2086389357427331712 5996.446481 51.93680910675448 62.15396660195074 0.1344030780105928 0.040035898199685616 0.039252709689987786 1.156175031343996 0.2054906587198999 0.12017911195845343 1.1207878085566336 0.051872529787341026 0.05490989995475326 3400.537435 1954.6049729999995 2336.752175 2534.225857630157 581.7589237310503 671.8714029622172 114.9218464005072 19.552372189653596 24.128140483804643
2077598384004774912 6007.170425 55.614783939654444 62.46403900000041 -0.09221828545901317 0.039981357212088224 0.039220525015518204 1.0889068265210464 0.3039145318242207 0.14221451845269928 1.016955061082902 0.08062126992106977 0.06811970824152402 4749.4850855 2074.6895774999994 3084.8451205 2584.3906022154333 762.6688324179022 924.3402612203613 119.65697383462278 26.131101290541878 34.868975856033614
2132193431285570304 6010.622877 55.3085200000005 58.44369199999983 0.09606173669898706 0.03828426943666309 0.04000081884505934 1.1542479902459786 0.22446795143237908 0.12854999181800797 1.1108147916142979 0.05938574983660949 0.06302624905736254 3488.236426 1950.9522920000004 2401.524367 2526.868649460053 608.3728753212404 718.1776495229094 114.95613620382397 20.719795119368314 25.979434551696684
2052823535171095296 6019.652169 56.809282999999596 63.406923055989864 -0.043098662385521826 0.04111477843883512 0.03941777901832778 1.1197652347636549 0.28687858130151045 0.1527700454919283 1.0485482439294154 0.0759113835402947 0.07504854909255454 4373.394699 1927.3414009999997 2852.797848 2522.437033427302 749.1769696614961 850.9691335087573 116.67110426523703 26.014481973221024 31.89000322262133
2135314184585149696 6020.755822 52.20296599999983 56.87800100000004 0.13357092993581035 0.03920510470078836 0.03926971386808459 1.1547825932987112 0.19585703052326986 0.1160240133830237 1.1227205107837714 0.05006390327283716 0.05529240104388644 3111.999682 1942.1801319179117 2131.4181557 2546.77491028776 554.7790820910909 653.7573935719795 115.39894883597579 18.710720995075846 23.438129202240802
2086940448965828992 6048.748897 49.755516646249816 58.259951 0.03687892434489937 0.038269233006643553 0.03900271248138517 1.1524220231830546 0.23030033831386554 0.13848867000810916 1.0974523088331407 0.05945635739781796 0.07398128626011768 3588.027544 1848.7773240000001 2377.57214 2495.543957093042 627.6486779411334 723.1663922333059 114.57517795962606 21.67236132350972 26.514571349845923
2077750803804146176 6050.443212 50.64299899999969 57.501000000000204 0.017580447238087125 0.03898654018101617 0.040014076709293814 1.1527204713676908 0.23532169780937107 0.14568144665481908 1.0876926544668444 0.06397836267828416 0.07030369285457505 3736.178402 1814.6729650000002 2437.9187899999997 2474.1255449025825 657.3878928761928 722.4344244349727 114.01180655276728 22.87889853450214 26.610802338571872
2132709613336959744 6054.207402 48.89037300000018 57.11428799999976 0.0555677955790645 0.03856601524015534 0.038589538333296536 1.152339791778096 0.22183847533026224 0.12880345272807792 1.1038369116685938 0.05915066663315072 0.0729162023025487 3368.65 1857.339987658786 2223.737806541845 2514.1826917676685 588.1248522053666 707.5569306909053 114.97779586011079 20.26792333563948 25.763353402002593
2100389610777053056 6054.49681 51.57980378854063 55.249540999999226 0.0828842716498239 0.03892029577368063 0.037738948505057615 1.1523001076191792 0.207600996753452 0.12140799437245886 1.113520813433211 0.0567816168116233 0.06563857473229118 3106.755247 1875.803121 2054.331975 2537.1547621434875 556.518478898282 681.1341908738234 115.52270767164093 19.16440888189102 24.602388002897357
2073804411752924288 6073.290076 52.69745410723499 55.52167980622562 0.007680363625696438 0.0394261527577731 0.03971567355811445 1.1538995662163483 0.22818418364706083 0.14123778389321173 1.0884867427479765 0.06790835805137996 0.07088706500427344 3617.765476 1751.6648280000004 2345.218598 2468.8004190031497 634.3556881024888 705.5509634297819 113.97897007618937 22.07365695614729 26.023880376601824
2128013019361703936 6077.448301 62.851980999999796 56.17873400000008 -0.09112666551971138 0.03868345447599515 0.039659647350693356 1.129379837471316 0.278053368554656 0.15063980356803952 1.0469506460208136 0.07756332059725479 0.07311296647278176 4157.501334 1795.7497320000002 2621.84822653389 2458.3432399897492 745.0504755379984 789.3964885888693 114.94314152520506 25.738036522524325 30.03701165224504
2126237131982289280 6091.7723989999995 58.80054100000052 49.460360928149385 0.05385504533594446 0.03879192257040598 0.038118206617676585 1.1563590304496856 0.20405475860809674 0.12139800627742581 1.1106046234477904 0.057789788597858216 0.06314318661706286 3091.134843 1703.5698630000006 2044.475053 2502.7625452926577 543.5188807933932 657.1426278393526 114.70588785729146 18.883426991876036 23.897314328546386
2126508676995012352 6100.360487 65.36214800000016 58.168517999999494 -0.12011410836304154 0.039044131933019435 0.04111020215973296 1.125795364251741 0.28664527859921973 0.15060239968483458 1.0435425690010558 0.07436354833844439 0.0756457528530492 4134.423361 1773.2983539999996 2651.615757 2453.9722920694485 755.8473482297186 800.9011496787175 115.14425683422351 26.10920086388515 30.777974344076114
2128067720065692672 6109.54167 58.08257700000013 59.652233999999225 -0.07271816957242914 0.04060480488276129 0.038999158801899 1.1441689730384121 0.25842857853540147 0.14984488775364402 1.0692161560504752 0.07639625710120157 0.07170902619275055 3759.525029 1735.0316660000003 2446.7126678666 2442.129081146918 711.3333026318951 744.1825503281766 113.93882675181375 24.856524096506732 28.08310082239791
2107266570672734592 6097.689804 60.37233400000059 68.82924000000003 0.22483424831903331 0.03693799772425577 0.04226654511940539 1.1577895973878087 0.12915633421901673 0.08500612990792344 1.1568021547433514 0.03210663113971135 0.05009645467799517 1910.822506 1635.06558 1306.2641376000001 2590.238006072956 373.8253044268613 464.1259155714447 116.58976285163624 12.83040485618767 16.367241627056003
2078697552035948800 6145.519205 58.454838000000564 62.250403999999435 -0.08253317563086536 0.03909465329619331 0.0385923452835845 1.1445727535125405 0.25475500820982644 0.1468181538530111 1.0738417568246945 0.07747047688217301 0.06989080664622183 3468.178416 1715.8868900000002 2317.650477 2450.382318546727 692.0509587855877 735.6308980980696 114.25466292158556 24.25966776534061 27.774713198788163
2133611659549905024 6128.024789 58.52698899999996 53.90925603256983 0.09989041640844777 0.0364430893088029 0.039828850075815735 1.1550229279893258 0.17487229650845126 0.10196693222795417 1.136479793373888 0.044265158111708613 0.06663353205867506 2457.676916 1623.148373 1656.908518503918 2542.169091880665 451.48843899914937 586.2909054030335 115.84527175524227 15.620966942600262 21.129398829520568
2103452266056715392 6138.313074 58.60805800000071 56.35905629732406 0.09086332993863441 0.03641919681805425 0.04114321420553433 1.1571367908061445 0.17570756063451332 0.10276292235315765 1.1362868530993917 0.04439369840631424 0.06639737494344167 2471.804395 1613.996353 1667.2165565 2530.9146689837544 453.9849793689309 587.0201672144506 115.54804015235122 15.670826109062531 21.20792672007518
2052168466766597120 6160.701083 55.83643200000006 64.15488000000005 0.03332973355062878 0.03733909277808549 0.03920904399787635 1.164129390316143 0.19132498073350712 0.12020459903516567 1.1185125478859785 0.05443715600020105 0.06467724599064906 2755.120074 1582.090876001001 1820.7865775999999 2474.0336634803202 517.5895621779523 613.7597550276575 113.98788539781539 18.160459383479534 22.400101709794754
2051950454223150720 6158.094783 60.32096686924979 62.03047199999946 0.06991032136709698 0.03957605119300825 0.03772062542050926 1.1596841774645295 0.17832743961912012 0.10736440429831373 1.1319043909305717 0.04567795234025418 0.06512250917500384 2476.114173 1599.6289000000002 1654.2364782999998 2512.6245043841664 463.9844077202283 588.0469546029365 115.0527196222915 16.23712342866662 21.332666183143587
2076970047474270208 6161.716867 59.568549035720025 63.996548914519735 0.05964243696347421 0.04100702622441514 0.03657635746399053 1.162386564352962 0.17898111840553965 0.1105250937775899 1.1288505107837716 0.048502689314584346 0.06227014881102022 2541.966226 1584.1193770000004 1692.047670895824 2497.291066248012 479.568221467955 585.1869508842633 114.6149228127463 16.658985350823116 21.247312629745636
2079695496278608896 6175.07109 61.64466999999968 57.30462200000056 -0.06488234159008359 0.04017420397413544 0.039115738817110626 1.149044980791019 0.23580965990784497 0.1387500690143033 1.0903519873309537 0.06726362877683378 0.06866213111457453 3060.244828 1713.0321810000005 2073.4541915999343 2465.027380459295 636.9543848134704 702.7979030350268 114.5392543986909 22.3524331865828 26.2903286290602
2107342716152550272 6166.595177 76.80001799999991 57.39482599999974 0.1540748466998656 0.040685500294493304 0.03942924248207205 1.1577033847202334 0.13366545661588347 0.08566933737642146 1.156980038459605 0.03189948795937858 0.05902501928467152 1762.128974 1545.154167 1233.8532907 2576.8979058629743 362.2470556883636 479.3462480685798 116.7411507165173 12.675220534269869 17.086543046830386
2099606483621385216 6188.203476 67.0050132678507 58.12199899999996 -0.04561907907909177 0.03994081748142962 0.03944968448373001 1.1525904139132834 0.2184095269295896 0.13198547637122782 1.0996479975868483 0.06579114327721092 0.06769382383992761 2844.967294 1681.8311640000002 1957.5033567294522 2472.1126853316973 597.7430106586867 667.2068754620177 114.58828104424057 21.022988657317825 24.79014905456239
2107236613280607104 6203.547994 60.87972600000012 57.536034999999174 -0.1613880762207234 0.038700593917437145 0.040655011388403245 1.1306723200883384 0.2638112752117876 0.14481153614679065 1.0584573525715149 0.0723457302297521 0.0718867040370017 3417.680923 1693.5116210000006 2237.581026 2462.392398505468 683.372143131327 772.2399149791572 115.60625624439375 24.111748817612423 29.388892308427657
2086505630781210752 6180.271305 64.72707300000002 50.32207300000027 0.18451497428914163 0.0402842619995164 0.042118321986725965 1.1609271822897795 0.11265176015229161 0.07522152038509988 1.1649929194107889 0.028644500025136965 0.0470010522346791 1548.193934 1432.231385 1086.14838189584 2582.5285815708953 323.3135114270058 419.0059299493437 116.74497011160717 11.168895520562188 14.773152903169986
2119196585370036736 6213.417917 59.2291180000002 57.85930300000018 -0.13423870471932564 0.03998526435568052 0.03809499229534766 1.1357462569805092 0.25132195100559596 0.13706050900924216 1.0736938454577447 0.06664597355587953 0.07008051731939058 3146.189298 1679.1584079999998 2084.113569 2477.4406315197116 628.0198204159678 748.1178722201478 115.72882747143606 22.245698543662343 28.229198356893306
2078272831307891456 6198.722072 64.23670334249982 58.54491599999983 0.058848938642167975 0.04127832367858794 0.035990890953981766 1.1647123207784813 0.15927652004002835 0.1037601719893948 1.1379400316726158 0.04005473983208474 0.06407385085905704 2217.895641 1517.736929977501 1507.9827105 2499.2850573019573 448.12643895807423 535.906786225275 114.76741463422661 15.58599220415931 19.348452141171578
2102119176929154304 6198.812812 62.63379799999984 62.232205431159855 0.11597553347642951 0.0377906798247218 0.0374333044904996 1.1573353269840174 0.14463513877626144 0.087149445153758 1.1519101885274747 0.034540983818692084 0.060926101251822296 1829.051896 1515.2490499459395 1268.2162956 2554.9173885481487 380.13344083212314 501.8214117946759 116.3914376505134 13.17574331062356 18.114680972072918
2135044568018500096 6210.580694 65.96909860190044 56.75941700000021 0.04989763000800728 0.04096569993062713 0.03662906901723871 1.165608996589543 0.1580273458161805 0.10490479218067938 1.138306888542557 0.03941033985219433 0.058809109107837765 2190.55988 1501.6076130000001 1502.0827438999997 2493.558417761935 449.75824494405606 530.1480250374011 114.58019301683619 15.753773237710718 19.148660673543972
2132178725317511936 6224.343615 64.62222800000018 61.032460999999785 -0.02808704441061802 0.04157778013616704 0.03902176215196966 1.1529887089724344 0.19112564140168065 0.1206243061186929 1.1207476331003972 0.051869180533909764 0.06988939520386106 2394.495865 1660.1456360000002 1658.030962276431 2500.139335618998 532.091619585538 616.8429425391278 115.4150970553466 18.75325625943033 22.698942799486616
2130320172711659136 6262.314487 47.94688000000042 60.667397999999594 -0.17215560400710794 0.038458606827805164 0.03899847937462095 1.1385868634149428 0.22512971856542263 0.13401903817066096 1.0706555587954352 0.06824951284500513 0.06675043789612634 2961.8815835 1628.9552325 1922.8293735 2451.8717376053073 606.8532552641927 683.1046686850427 115.22291524239586 21.51989728110493 25.868831635417408
2126918008858627712 6263.993943 48.68035746373971 59.03262100000029 -0.1615511387489345 0.03765762217089928 0.039919078370486916 1.1403625033788252 0.22034889996478602 0.1317522254759096 1.0726766452164296 0.0690251829312456 0.061329274546277235 2895.507573 1623.8447740000001 1868.667139 2451.6412935873886 592.7352175873211 667.223871168555 115.09891672365261 21.06728224485964 25.21817841489991
2128298617506651904 6255.318220499999 54.36438348085085 62.28470049999942 0.08866471137246164 0.038599958733641124 0.04007012614034865 1.1584018258596593 0.12330961340487834 0.08312087294466775 1.1478425408476194 0.035822612739430104 0.03820872354331106 1627.21661 1369.2723306978246 1141.3517284999998 2543.8875025002153 364.2643590479679 438.64292714375597 116.27773970593451 12.704203719514098 15.741188525767882
2051738798233021824 6262.64437 57.81518899999992 47.54170166140011 0.11669727755015806 0.038860230018005024 0.03924350469321809 1.1572987138897037 0.10935199911431637 0.07605463387912148 1.1565332406616058 0.030154255693529697 0.038575895631189905 1426.380775 1274.494287 981.4308888 2565.121072663125 321.40905143539703 404.10734393914345 116.87079206716193 11.285612976916653 14.371258294392405
2135590578620605568 6282.920842 43.82053199999973 50.465458368380496 0.15396850298808457 0.0342015365966758 0.0381898917614492 1.154156414735704 0.09335715750214235 0.06535896121971274 1.1649664471368961 0.02464128751696748 0.02808865064602073 1182.229321 1182.3137519999998 812.3218807000001 2597.207071762366 274.3269834367584 357.902425013634 117.80146566998705 9.610728240916274 12.657036511493232
2105620159389754624 6291.090941 47.006821999999374 57.270298000000366 -0.07644042930242012 0.03778360202141141 0.03884879141006191 1.1507704902028446 0.178496062446442 0.11435235180616199 1.1199732436780454 0.049607742697702406 0.06918622040118638 2215.365142 1497.9964679999998 1465.6583106093378 2494.088655173353 486.4362710944679 576.1910602854184 115.74983774461259 17.204354266828886 21.43121223709396
2080386917291928832 6302.633173 44.79919572616018 51.58507000000009 -0.057615137376542884 0.03737363309093021 0.0380341028054817 1.153267554938261 0.15893061273198872 0.10915829564104529 1.127482291488613 0.043451326730682194 0.06863709516866923 2018.558212 1413.588088 1346.2088449999999 2502.593409648896 459.30559985384343 531.5743579770369 115.83592420593338 16.364930347367547 19.489283818157062
2131859244171951616 6294.773701 52.835855000000265 51.95436100000006 0.10669957321767323 0.04019858420738531 0.04090206712515489 1.1558066712388642 0.09765440987019569 0.07274798880818034 1.151525836559248 0.032337419239620635 0.028733918603204955 1322.836714 1188.66712666294 918.5692205 2565.185661728162 311.78251785844895 363.37707403550166 117.0496171077299 10.86308158638613 12.919458647303657
2101719263935952768 6300.867344 58.85939199999939 49.166887750329806 -0.211735219899023 0.038822039914008594 0.04138557743565335 1.1477989806012296 0.20863066823099086 0.1387948417559539 1.0727212070785783 0.06905550198582255 0.06482361922477509 2789.630331 1452.716113 1776.82568 2416.7805227295753 609.8245289369488 625.0535587170277 114.10212595057928 21.895974001058534 23.680781152657758
2127390970655877888 6310.242003 42.53095399999984 55.74912500000028 0.03955549542884283 0.03702972862203441 0.03896166442260631 1.1524865580985408 0.11375323229677403 0.07978132465766019 1.1409479659142325 0.03689295711628371 0.03823761751970234 1439.675683 1334.4418100000003 984.1699752999999 2553.532059848115 348.9573848861728 416.6730137849395 117.05926214104869 12.177426436695782 14.920377830581472
2107315365800640896 6307.486322 51.01467800000046 52.973801000000094 0.0960075150727878 0.04116998262666331 0.04047044631654559 1.1536752044548733 0.09416909582636013 0.07147475715592044 1.1469540410235786 0.03602892802510693 0.024257883967623517 1267.410242 1173.033364 876.1719456317328 2567.4823448973457 306.87807675335125 352.35072285529577 117.31199402145353 10.809769074302693 12.630539422811964
2053552270863859712 6339.730966 62.57276159230969 56.87300858917479 -0.21251207672212413 0.038684413502995146 0.04167384712441996 1.150262298923952 0.19356086924463356 0.1298991505489513 1.0916804001809863 0.06613643205469821 0.07684476633714987 2444.7786 1395.8321419999997 1592.5772142 2429.9888987179816 557.3627292509282 591.1034944148325 114.48680876887845 20.107841351138305 22.35781188409119
2135002576119495936 6326.487648 33.2225099999996 36.03993900000023 0.18050818266291058 0.040468591767430395 0.03462194672948818 1.1477999275349817 0.06962540120156757 0.053783420463891174 1.1779642109496757 0.011904606606002677 0.03328992308079037 919.8372946000001 871.1243713999999 636.4197976097561 2630.5609794289344 222.5214785324206 269.4363818102156 119.04251736886506 7.8772252421653235 9.543555851998121
2079005651508492032 6560.720247 26.534602787679432 67.49716900000021 0.030478422564985366 0.03550695830219798 0.034683037798406396 1.1467892346313773 0.044177530668231046 0.03609061214581577 1.1739121899351466 0.02186476698004114 0.02295064903725308 378.5660335 445.19611570000006 252.1113037 2594.1083266843666 142.02557407184895 167.92293416396797 119.40351290466977 5.038423601871656 6.093496969348564
