starid Teff Teff_errp Teff_errm FeH FeH_errp FeH_errm radPhot radPhot_errp radPhot_errm massfin massfin_errp massfin_errm age age_errp age_errm numax numax_errp numax_errm dnuscal dnuscal_errp dnuscal_errm 
2127771917075703424 5873.118762 58.7438232832701 57.92750200000046 0.3640625036136061 0.036523436559610434 0.04023437413103853 1.2818092725748662 0.33616699968441766 0.15728109152030334 1.2062625136996632 0.08647815041978779 0.0723115695540697 4392.2838 1855.1310619999995 2736.786356 2228.393250926378 655.3844264823815 760.6675807564961 101.87223401880644 21.6297293946119 28.317076304819523
2107266570672734592 6121.532091 59.20430699999997 52.23620899999969 0.24667969062063022 0.03535156016078583 0.04042968852555878 1.32895444236443 0.3548372850061179 0.16613809474513586 1.229840947162033 0.08493812025539205 0.07855715934271523 3291.5709325 1320.4252965000005 2004.5087505 2067.394512058601 610.9841820585584 702.8324632582373 97.37312079580444 20.864626943573867 27.165480346223802
2107342716152550272 6206.8364010000005 55.75146067076457 63.095265000000836 0.171875001770369 0.03906250016950155 0.038671875303586845 1.3523485478240365 0.3463551924636381 0.19878488759295365 1.2128191438338947 0.09129905334070698 0.073819983337444 3278.295411 1222.3853550000003 2101.469099394555 1958.9045003037224 706.7054023893159 637.9740925607102 94.25067533773115 24.61526322317563 25.250199980295804
2086505630781210752 6217.019489 53.88342320481479 64.10786300000018 0.19960937606772547 0.041601563343593495 0.03886718789651519 1.3574343671100835 0.36418925907394306 0.18895518067369443 1.2283200713890705 0.09785520558230854 0.07806053943994784 3056.568715 1165.2144872791955 1882.11844038549 1968.0476157831295 653.6657478759093 654.1579023162153 94.31021740474074 22.826518863773273 25.914690470473587
2102119176929154304 6230.740037 48.680184000000736 55.016593999999714 0.13320312646678215 0.038671875303586845 0.0351562496193782 1.3313879781397195 0.34068046391989726 0.1923401181372466 1.1978841968729577 0.08675397915857674 0.06412798803478958 3313.8912554999997 1247.3178994999998 2154.1684834999996 1993.4410942026893 712.3094978315266 653.3732480387071 95.90207625563986 24.80109725226609 25.775736273560554
2051738798233021824 6277.283131 61.998531000000185 48.91267090284509 0.13105468859976624 0.04042968797762961 0.039062499818426424 1.3302705980376932 0.35515977803274734 0.17144131052410594 1.2101580559046805 0.09791076576865687 0.0706977758785381 2986.751673 1108.0061059999998 1798.4807207784704 2005.773226106102 617.8076911508288 666.6516986740512 96.46781004356018 21.613051807772706 26.465838102544296
2135590578620605568 6288.8946045 66.14120311154511 50.823424572345175 0.1708984388987575 0.03652343805366945 0.03984375029899126 1.3457229696135773 0.37797468159963654 0.1703397012687129 1.2276354230556532 0.11453029058368136 0.0780560780183348 2754.360125 1042.0267059999996 1629.5137517582853 1982.1757955460698 585.7902012943032 669.6760421330953 95.37343294782806 20.595580321152212 26.802759626264162
2131859244171951616 6310.601834 60.54706299999998 55.56292300000041 0.12070312645728813 0.040039061713922144 0.04296874987625256 1.332404916550205 0.3705866766449848 0.16555613220840004 1.2146273942989292 0.10205918455582941 0.07399389372077825 2854.141203 1059.5095847859752 1694.3231278173455 2000.204025075744 588.4810342380006 680.4193787281815 96.34433373692092 20.597466332767667 27.0994617316845
2135002576119495936 6382.44333 59.32635500000015 62.467993999999635 0.20742187688905608 0.03867187428733185 0.039453125832832475 1.3988889099765927 0.38322009236414245 0.16397945875532716 1.3076211859635012 0.10998241272333953 0.10008459554572435 2195.149275 685.5015959999996 1343.0021185 1941.8830593068215 479.358107720072 652.8932137731447 93.02765563781311 17.24822909127812 25.99940853574269
2079005651508492032 6553.044934 61.140130487900024 57.8094590619894 0.05390625053145711 0.04023437545133591 0.03359374964089901 1.408341202257918 0.39495651106816876 0.17824568430557242 1.2784896066060027 0.10091040194057599 0.09496777261072853 2105.476548 618.2071237284513 1253.0364690778747 1840.2229062958486 514.5295361077742 625.5604924404913 90.78020972960647 18.827284444909594 25.654251995704286
