# starid Teff Teff_errp Teff_errm FeH FeH_errp FeH_errm radPhot radPhot_errp radPhot_errm massfin massfin_errp massfin_errm age age_errp age_errm numax numax_errp numax_errm dnuscal dnuscal_errp dnuscal_errm 
2106674071344722688 5434.951569 51.450213000000076 55.135636999999406 -0.2843287356211399 0.058671949188073225 0.056058270594676274 0.8005884895644623 0.14746042561695905 0.07565324755430569 0.7739196636669852 0.04986442964154636 0.04317358051380038 10141.25119 7301.917879999999 7378.817544074561 3875.3730710958926 822.1806999286046 1125.3700612844564 166.85049663435512 25.34457562034055 37.700978854979724
2099656472742686848 5633.473352 97.88230099999964 104.17678700000033 -0.3884159318110499 0.10106471754551294 0.10428783773463207 0.8293902183727577 0.2261475675925566 0.09593615551663526 0.7808621105022371 0.060711237242974336 0.047385118395254056 9618.989394 6184.012645999999 6581.402867000001 3584.7522560347334 953.724179736746 1366.801603466336 158.92535137071044 30.5965376997504 47.86014930683875
2052747119115620352 5668.66005 68.8001319999994 76.10551100000066 -0.18204422688833577 0.0989996700527504 0.09500237157648805 0.9375338039246134 0.25814632294916307 0.12078403110042157 0.8648123387461666 0.0720472955036977 0.06442430043738367 8942.708404 4447.720276 5771.218514896051 3074.8860965580307 924.850425015542 1164.5001203388865 138.80915637907574 30.038162495259 41.87439725231927
2132155017099178624 5677.233313 49.88886000000002 52.75511920505505 -0.1024871463299823 0.0638095447565643 0.06126514683500674 0.9654607289923337 0.2710039644403802 0.11393916231013879 0.9014204574933388 0.0660423171283494 0.060636454677995166 8175.636856 3885.6011874794503 5285.554766 3004.237806743574 851.6055882133041 1137.8559090681879 135.1739705200292 27.321025098035932 41.12137989467466
2073731161099713408 5685.7890735 79.45949949999977 81.16749009596515 0.037901712218811154 0.07025233638480222 0.06808706542021165 1.034503387883389 0.2909087346227506 0.13868649953326784 0.9745814614649841 0.07595516364184807 0.07216777235935845 6979.3477795 3375.9701305 4763.36743393363 2825.0126639137047 871.2826872057822 1043.8392262110308 126.58521962586445 28.826444027500656 37.68542263450122
2106705269988803072 5691.916941 68.65767899999992 77.12267113020062 0.2766680741635295 0.09039027730761795 0.09070892983514045 1.1276573316194782 0.2403943822658703 0.13108560410934889 1.0949797873410083 0.0658458961339301 0.08109767529129486 5126.465811 2789.734566195446 3493.7371798804807 2674.7770198812304 680.0908623923801 812.6602098865335 118.01902782892212 22.308858730767994 28.542596305352333
2099541715513813504 5724.582087 66.73866400000043 73.92077388835514 0.3144398304871769 0.08411764479773559 0.09037141078043748 1.1377418049828327 0.21355504796494063 0.12113179546461006 1.1202590578653662 0.051740355024098905 0.07674644009853693 4460.5121615 2663.4000579758176 2990.458356500005 2671.7957398590306 614.83234152154 745.1367070419558 117.66386363004584 20.119063551039275 26.031652232312396
2099605968225288960 5745.920599 83.05901799999992 89.78997400000026 0.02735347184260017 0.0999375249536687 0.09533287508958896 1.0487272698516767 0.2891096034840721 0.14174197421165535 0.9878940850133227 0.0868050194980794 0.08193855851097742 6359.9449455 3259.1353305500716 4247.840353099055 2778.119082258904 836.7786805497858 1011.3157131432386 125.0831077683959 27.840013819619315 36.69674693051151
2131494313689868416 5797.993128 61.33482699999968 60.27940632890477 0.3176857808749304 0.06955625294471907 0.07557931284116515 1.150632733052675 0.17897929743439334 0.11260242197070336 1.1356122407118798 0.041047235358290024 0.06474660242256314 3831.308591 2291.0876473203707 2510.69224552733 2634.9448925029847 548.571514780403 637.3460045107931 116.5826526341229 18.07036862204447 22.246882120860022
2135019107451751168 5821.7380109999995 92.99984140141532 97.12589410848977 -0.05180485402106956 0.0964960818969995 0.09656360576972416 1.0459555757805805 0.28661826048060624 0.14672278966435104 0.9712242225126941 0.08949172460019361 0.07940529636519023 6175.712296 3159.2242638534663 4052.652211687455 2731.6330343802065 864.0542607136249 984.6315073988003 124.6544228239191 29.03101514646869 36.3410499067227
2129550445852902656 5830.091016 33.56731200000013 35.38450499999999 0.15859216651796434 0.05126116822905 0.0446251992790791 1.1215873407638732 0.2431144756958914 0.12611788563179716 1.070867918656679 0.07641022231782224 0.06410286159569667 4790.548378 2182.8529739999994 2956.382426 2620.0528149018646 641.9397578810103 801.3679549206443 117.82281421040274 21.534691564355242 28.733969487501497
2086625752425381632 5825.583711 77.34131752326994 69.32150007013024 0.2322556328989604 0.09152014959938692 0.08905839337381305 1.1422144203948768 0.2086102190053889 0.12368175846728491 1.1122900505253632 0.0585956172617339 0.07632843492255792 4152.3679255 2341.7344951157856 2716.24573240637 2615.0907480102105 598.2929707275302 710.9189309447397 116.65384249253196 20.024736270160076 25.100817510602113
2134798444914611712 5823.343418 97.45218967465917 86.34152099538551 0.22770263103409322 0.0979855074881179 0.09315462872758612 1.1400146268626674 0.207423747821736 0.12408816821688129 1.1118760502237195 0.05847461751715577 0.07694649471290038 4100.295693 2487.926534208901 2716.388622892145 2621.9822755306745 604.5252644241509 712.9731931250885 116.95410463402115 20.20668368666003 25.20115094393637
2101305259145506816 5885.1985895 73.95325449365009 78.12909773279989 -0.22188552670954287 0.10130463012294806 0.09568864672244415 0.9815774248462994 0.3045788803291982 0.13124379877729664 0.9137950640993414 0.08053919685566335 0.06917589965310955 6421.121583 3426.9880969999995 4314.904692770671 2895.492623883859 900.3318588398615 1152.6414476307853 132.83317321688537 30.031455729073144 42.77549758652442
2101243789577188736 5872.506038 73.3646936692694 66.99272700000074 0.08649257691596646 0.08361786109942915 0.087635720020484 1.1190360752140882 0.2545703170264224 0.1367349025460528 1.0614418903021468 0.07571411567371955 0.07970273289427376 4844.89229 2295.448594378776 3096.507387018315 2586.0920661235577 698.7920339665284 815.4820521971169 117.46647063260185 23.48092396368689 29.734575309147303
2101733244046205568 5889.3816405 61.9361155000006 54.7138699847801 0.08508635277851374 0.0842797763451106 0.08680467913779463 1.125833339228305 0.25223843053125283 0.13568659314485176 1.066994088783872 0.07522027805541454 0.07868727313860524 4795.294893 2145.6978301096806 3073.1703700000003 2561.4625530548246 689.2630333534867 790.8304464622329 116.60969325245968 23.126980383796095 28.902721959259893
2104344141784539264 5914.4435365 80.42971902559475 73.45663150000019 -0.07396816181233185 0.09217270616249261 0.09760159695490514 1.068822497800169 0.2927563439960432 0.15126199307396104 0.9944659529435423 0.08440542901769399 0.07796798445405206 5416.374947 2574.528464 3574.4832089360407 2654.0122409570913 838.0301777646532 948.3866674915878 121.9965229440471 28.68749737479824 35.360304633745514
2102224661326132864 5925.193085 64.5212144607658 73.94942199999969 0.2666507104490793 0.062408093745827176 0.06472690649387663 1.1475847962927817 0.16021843728789853 0.09683307596749424 1.139936275702579 0.03970919662158767 0.04932177165552276 2961.635392 2100.733352 2002.6539013000001 2637.0602419049474 475.62886097597766 583.1000028891772 117.38801500271644 15.785734729068864 20.458728051104515
2105135854577044480 5924.4202399999995 117.39610566375086 110.93354419881507 -0.0023533536039983165 0.12499346575993364 0.12064714436327674 1.1052966740857042 0.26291625703802124 0.1532058101716256 1.0358276062038108 0.09253518535136251 0.0910320780755115 4696.8105205 2686.1046350282304 3101.9749379140453 2593.420828961241 762.7155114292491 842.1031039971097 118.70109091988682 26.243642112888026 30.97250356603371
2100416823690394624 5965.863139 57.527234999999564 57.42767786112563 -0.21160827062007992 0.1599318302638299 0.152295837070959 1.029656767643219 0.2990719394313224 0.1461906414448143 0.9488737205268715 0.09984268272211294 0.07891434945452724 5670.5207725 2779.456519970463 3692.66774297986 2729.031565361628 857.1868446468825 1023.8278402782425 126.33081172702212 29.411423093415138 38.42050915341731
2101175933393051008 5965.097162 64.2593139999999 65.7402119999997 -0.06688427015047713 0.07776230758954794 0.07886578977521966 1.0898159943523296 0.2964807437153849 0.15129286837822142 1.0168194675984112 0.08407492936503957 0.07809532200492675 4984.22523 2227.3997170000002 3310.776179 2596.4177433426535 799.1334250180607 918.4800296368692 119.69318322818543 27.58257536264395 34.32217762702112
2129495057954829952 5974.043334 78.57406778123004 86.43221100000028 -0.031886025091221 0.0947293334548223 0.09508342874146379 1.1067824062411935 0.2779128549170642 0.15084962962323945 1.0368099208184607 0.08584432097348538 0.08349436152028566 4631.400046 2279.150336983026 3032.8359214328902 2569.8640446059717 751.3527279139626 859.4937177929637 118.2268453173131 26.017197047723258 31.91304795626489
2135179533070399232 5995.070382 99.66997837431518 94.87661462036976 -0.3840082873999261 0.10002752523064817 0.09644349379286898 0.9688134030809136 0.29315698983271876 0.13734363882227096 0.888613559398723 0.07727931564654633 0.06807882811321697 6197.363954 3367.5585343825805 4042.0065454898454 2864.238250629798 955.4402365537148 1118.411088536194 133.56080142557255 32.38959144445033 42.160360426428
2073539536845074176 5976.6830215 109.14107932516526 119.34768324161541 0.016013409375237462 0.12182639867500708 0.11692983063626576 1.1243226131115673 0.24899999079809287 0.14832130488960726 1.0645924764969081 0.0828325574380373 0.09277037001659039 4153.528385 2491.6321425113983 2745.110961369545 2558.1265311173115 700.3169847982335 792.7492109179625 117.11210495470567 24.2016557197978 29.04199903842165
2126508676995012352 6021.2014905 87.05207725852597 87.63542289151974 -0.14662387456432924 0.09537745616477225 0.09603851988069048 1.0826189749075497 0.2921792661006646 0.1549962489111506 0.9973598416369212 0.09159367515655314 0.07751416318938198 4816.832659 2385.998782704508 3086.9354401515097 2577.1926401711044 820.906965876849 904.9769875260947 119.9063129694445 28.550019349669313 34.088293010521625
2086389357427331712 6018.998600999999 153.40811895451588 153.34195639694917 -0.18778668105559237 0.1611597212546998 0.15020286628621576 1.0657311491744164 0.2844459074518195 0.1654403379800663 0.9822073942989291 0.10878830898931446 0.09730346323353267 4707.100264 3144.1618896718055 3095.411889977125 2633.9222091974507 864.0067180487208 919.5297704999302 122.33359372873608 30.28209349117489 34.61311400312857
2073804411752924288 6067.351429 71.56838699999935 68.80734500000017 -0.046554732215719166 0.09390291815153343 0.09423736993309799 1.1354178699597992 0.2549442039487684 0.15031155759531167 1.0653450706349605 0.08064586535156604 0.0819117495349656 3869.851334 1985.8728760000004 2520.389607519205 2492.7008184732176 693.6969069815436 773.0453660832966 115.49034385727946 24.194970823498196 28.825937930709046
2107266570672734592 6013.626631 112.35393272601505 86.80078755868999 0.24189782853093203 0.0805524136640299 0.07934813953953701 1.1503421859992984 0.13501732502236274 0.08657794159089471 1.1538760384093307 0.031846737793497004 0.0548943989744104 2257.944767 1948.3883746971997 1556.071300305824 2631.981092890157 399.08928180237126 506.6221324535468 117.6134984377373 13.38377914090465 17.672387778374173
2107342716152550272 6099.55036 71.90731613092976 66.68724900000052 0.07970577796528329 0.08555473394754769 0.0830711467443493 1.1561223947100536 0.18771974071004638 0.11389248204190316 1.1225264421094967 0.05284071640440402 0.06679884168719519 2751.430803 1859.90868207711 1848.6798272 2526.9863972839753 502.47027391215215 627.9130259588687 115.3390471018233 17.390408760276188 22.637636868013416
2100392428275714688 6120.426469 90.78104299999995 92.7381320000004 -0.2454195365341161 0.09647495608927287 0.0991742942291208 1.0778850718467652 0.30293633986049073 0.15974594950256926 0.9896072696194259 0.09285509381587398 0.0786311404621639 4424.047678499999 2218.2448805000013 2863.479924403505 2555.317228329865 836.7261149061787 911.6858197711119 120.23356635817362 29.453349574652123 35.01900515907255
2103452266056715392 6147.888141 87.66962999999942 77.55173100000047 0.06506664461668643 0.08529539211235998 0.08462872380247671 1.1584102437355142 0.17492206933637 0.110093801580045 1.131828186617063 0.046081613001035526 0.07083214369116675 2465.572854 1779.8149290000001 1684.581162498302 2521.5424646966803 474.7233466499556 587.8959913340443 115.35073142581119 16.499274448704043 21.21658682416887
2102119176929154304 6174.880129 59.69757587422555 42.60771858929547 0.10296311206247157 0.07399699744738285 0.07222257030682987 1.1598633127153102 0.15815312332856002 0.09673731459595003 1.151589873058167 0.03435161706299317 0.06859848901513255 2076.1178975000003 1591.2752535 1435.0297141000003 2538.417330286097 414.3895650845275 538.8457882884063 115.73570378053516 14.454838965687728 19.310010438644397
2135590578620605568 6158.335908 83.2601109999996 90.78622315248958 0.18233949035910837 0.08340747977228222 0.07806268853900909 1.1554069541975074 0.11969584359552221 0.07688751574388797 1.163603329646574 0.029241531345834737 0.05691996933286414 1681.618753 1636.9796153929326 1177.0756799 2600.2665712337666 332.39117636649326 451.67254801877743 117.2806972591271 11.475797798016117 15.774890622887781
2126237131982289280 6183.028415 81.31132600000001 77.38527466297455 0.1529224161363142 0.06646008675779924 0.06309774771846727 1.1572468714953674 0.12399984256112084 0.07961207173248908 1.156949978884923 0.03252099894424609 0.0521755638228345 1669.9508465 1576.857743017576 1159.50897557601 2579.6892084993774 342.60823761436086 454.96938654326823 116.911460482384 11.844866537943432 16.147713114980633
2080386917291928832 6241.5511485 66.4879275000003 73.82199450000007 -0.14941309806886272 0.089730330816888 0.09277294924437282 1.1408658626500343 0.22851411400012633 0.13983771752349794 1.0737867120808406 0.07366516414458801 0.07214568540870259 2957.9449365 1779.4039391664846 1950.2856659346603 2462.097570040605 618.9570122273108 698.1109443651064 115.24170404185405 22.095220730002424 26.202184804362346
2126918008858627712 6274.51082 57.140740353879664 68.68382600000041 -0.1621485408618388 0.07460154909424793 0.07790253847565656 1.1412333875383174 0.2155972842871685 0.13259705553350942 1.0798319714946458 0.06858816977527527 0.06903697744273285 2765.0878144999997 1666.8096551524904 1812.3737563999998 2458.821157132078 584.7246366800396 659.8511178057236 115.26354213829777 20.8636868983302 24.817392306147283
2132709613336959744 6222.144883 143.77542568377976 157.2999149999996 -0.2970805531807019 0.16255882489267715 0.14803881157737042 1.0964437967643794 0.25757781954118664 0.1620709813546357 1.0137181280478609 0.10363660876778424 0.1000481949122719 3483.7924755000004 2533.7935735936644 2333.2543943089404 2524.76972463278 756.1427559733179 798.4233437756839 119.0540850164064 27.307667794743153 30.496082267125942
2099606483621385216 6295.56555 42.38096099999984 45.22320158456023 -0.07076272892180796 0.09090552919466546 0.08666709939003878 1.150956416173502 0.16105220788258356 0.10781427373948249 1.1225365647780403 0.048241217636116884 0.07166745110854156 2082.567372 1540.441158 1393.156654 2500.2619531382416 459.9735690445709 540.3500051540391 115.80846399251742 16.37605870241204 19.786657654984737
2105620159389754624 6345.790437 102.68844851168069 76.79107102527996 -0.0003513678716198772 0.09155704766893283 0.08445038516126839 1.1499594890353526 0.10239341057184093 0.07735845324568524 1.1439714986677392 0.03795008227270613 0.04954313408074018 1251.19564 1376.2685300000003 887.8569991999999 2559.089994295624 315.7125163812734 385.6404399479288 117.68271496840201 11.203027172297666 13.93027561385668
2132178725317511936 6321.8654480000005 145.3525699999991 135.51446437031063 -0.18277984124542568 0.14714578228704192 0.11296539501447866 1.1430841965153529 0.17514586729798864 0.12539269410806275 1.0979303451309637 0.06735924966065077 0.08619981172389513 2112.45499 2041.4450545419659 1483.6733190000002 2490.5327589222716 503.2189676980847 587.3589242077144 116.37875786416157 18.24639012877182 21.818520148973207
2107315365800640896 6464.477534 66.44625300000007 62.87692180963404 -0.2862214374528662 0.14542533426043586 0.10963926512505517 1.1366264419675978 0.1456137486556588 0.11515086349670312 1.1008144389422352 0.06505787699063914 0.080945955205872 1545.561535 1373.6098332779459 1046.0284056 2509.254712200753 436.6843651662666 502.8029542434506 117.62559231041948 16.49580102660323 18.588423745488058
