# starid Teff Teff_errp Teff_errm FeH FeH_errp FeH_errm radPhot radPhot_errp radPhot_errm massfin massfin_errp massfin_errm age age_errp age_errm numax numax_errp numax_errm dnuscal dnuscal_errp dnuscal_errm 
1044013542142711296 nan nan nan nan nan nan nan nan nan nan nan nan nan nan nan nan nan nan nan nan nan
1074139748425931008 5366.816388 8.317511000000195 12.48176500000045 0.3191441585539957 0.009772040388502878 0.01543100519784546 1.9022997363078498 0.09130592171477536 0.1872807918816175 1.1470205339098085 0.0559390151324719 0.02906956915187786 8989.929361 2243.4675799619035 1181.6885860000002 1031.8609260004262 179.12935433299594 90.07379571866898 56.19980197460569 7.235189442770931 4.353831759187713
1076970406751899008 6436.760484 1.30792260636008 1.3013360000004468 -0.03925781177145119 0.010156250551465951 0.0052734371465585905 1.455803491836183 0.27241030009719513 0.274403617355947 1.2094464953999295 0.05076068724548799 0.0798015479362526 2869.580103 884.611926 1857.72014 1688.9006914246525 852.9722782431068 466.89891284098144 84.62492071029256 31.255285427498507 18.24718860889432
1111639314047794944 6057.438474 2.655956000000515 3.4450789999991684 -0.03085937372408899 0.008203124807395115 0.0 1.0942696708017736 0.6662283349724232 0.07025720365545762 1.1269872852043639 0.011064814740334716 0.01917374842893782 2103.098283 4639.754892000001 1989.8736749999998 2797.486627516822 451.7120457882461 1664.712602914772 124.38931803409622 14.202800489153702 62.01466844230903
111322601672419712 nan nan nan nan nan nan nan nan nan nan nan nan nan nan nan nan nan nan nan nan nan
1117620107545810944 5885.975237 3.3385619999999108 3.434357000000091 0.3154296899788091 0.0005859405898419601 0.003320310802539972 1.4570298184923824 0.26305130494545015 0.3648739363170517 1.2592856910160375 0.02665187723090834 0.130377135387864 4577.896577 1525.8135079999993 3434.1864880000003 1749.333961059272 1239.403873898385 457.96783421783266 83.8430882286139 44.80029334485282 17.514891360546144
1255520718461480960 5695.929369 0.0 0.0 -0.030859351319008622 0.0 0.0 1.950291548048333 0.0 0.0 1.1259554421597708 0.0 0.0 7586.26746 0.0 0.0 922.8339843451834 0.0 0.0 52.704440632203614 0.0 0.0
1316708918505350528 5850.728681 9.773945000000822 8.909198999999717 -0.022656248562307923 0.014453142269579774 0.00820312381278409 1.8941000764908527 0.13420041753653456 0.12846450364338002 1.1260028987984516 0.036956732693177674 0.018961377507415333 7124.307775 427.47622599999977 1070.906642 980.1252876880231 112.7555743484312 126.81617263636736 55.24680149512541 5.422118527422356 5.280493001368306
1331356474971716992 5974.046777 2.2075590000004013 3.191751999999724 0.025000003221325905 0.00996093553150695 0.004882815224814048 1.7428057563680073 0.09457384961783322 0.04588426301350945 1.1220441154290886 0.031000585189281615 0.014947168568699487 6365.529073 855.5670749999999 1346.5475969999998 1111.4546531154283 94.55778250020649 71.6272567759122 61.920631460076855 3.4520538705400625 3.5948388862241103
1344163891352965632 5998.668078 0.0 0.0 -0.23671874346083466 0.0 0.0 1.9321819001363032 0.0 0.0 1.103930021115077 0.0 0.0 6787.951455 0.0 0.0 898.2595839892014 0.0 0.0 52.921807935346706 0.0 0.0
1416731285125373184 6156.57999 14.803924107864987 17.629697000000306 0.01015625184312357 0.01132812463057113 0.011132812977091757 1.2510625979859327 0.41357821994858424 0.19940156374908713 1.1286951656528077 0.034428228847217524 0.011708142878688932 4243.983143 1553.4208249999992 3406.6821225000003 2162.3038341968845 886.7609718138024 902.4395746261955 102.78475453043585 30.329154871239766 34.747916115104914
1424011082893734272 5907.996437 0.0 3.6880089730748296 -0.19648436344038284 0.025259436189657758 0.0 1.9881137183181214 0.0 0.0 1.0989480729978383 0.007196357980249868 0.0 6631.672976 0.0 0.0 851.0564457212473 4.7492063237781394 0.0 50.58976557134731 0.11673023851786013 0.0
145333927996558976 nan nan nan nan nan nan nan nan nan nan nan nan nan nan nan nan nan nan nan nan nan
1464700950221781504 6236.560714 31.74415399999998 38.06792500000029 -0.3636718747235749 0.0253906250898997 0.0507812498945428 1.993470397177315 0.014058688038096179 0.049244457288772914 1.1140042936503947 0.02293854381378524 0.014080997184656274 5561.876355 232.44858099999965 228.87479500000063 841.8288026721887 41.5405140613899 16.940187765452947 50.71220101114607 1.9359525372708788 0.32065481320988454
1476485996883837184 4591.165615 0.0 0.0 0.03269011342881869 0.0 0.0 4.036395766835176 0.0 0.0 1.33 0.0 0.0 0.19752061110000002 0.0 0.0 283.4565046922885 0.0 0.0 19.238496192440977 0.0 0.0
148080473682357376 nan nan nan nan nan nan nan nan nan nan nan nan nan nan nan nan nan nan nan nan nan
1491634483976350720 nan nan nan nan nan nan nan nan nan nan nan nan nan nan nan nan nan nan nan nan nan
1499514786891168640 4519.555847 2.972711000000345 3.500028999999813 0.03269011342881869 0.0 0.0 5.59088860516342 0.13954059622606785 0.07256387417542332 1.33 0.0 0.04400000000000004 0.0025250114389999997 0.004164336698000001 0.0007249879129999997 148.9683687102843 3.884293024173985 11.956005460235275 11.801588725859961 0.23354318471715985 0.6181420406936038
1587399232335653760 5844.617631 13.43009499999971 14.851778000000195 0.13183594035595583 0.01230468731481979 0.013085937685579377 1.0823743213593517 0.7064067183602492 0.06827155618626968 1.1219724000804385 0.059177360615353614 0.013052836458700146 2607.069276 4945.365597 2207.1132181000003 2989.764840312748 414.2866054474853 1885.902874716898 128.50187366025614 12.688721615854007 67.90165070603793
1675923009431370880 5189.4959385 14.188950499999919 10.934962500000438 0.20083655474916168 0.017534798158906267 0.011158519945970946 2.0179781497840428 0.014033349724230426 0.12440664090132691 1.130947344024936 0.01199476496908125 0.0299939706399881 9263.573151 1722.8859589999993 131.54853999999978 900.6904269076045 115.61486426040983 3.224696129761469 49.933577420963026 4.960454073329515 0.18515407023001274
1725490333641502976 5848.693607 4.382309999999961 3.211492999999791 0.11875000261160637 0.005859374333273562 0.000781251006195971 1.0584371600326667 0.7901972323826614 0.04151427503350069 1.1409746086169623 1.999396712104584e-05 0.03208158061434818 1451.906308 6080.657137 1214.0577745 3045.6585383491033 348.92877833596276 2022.8921355749942 130.82270435073647 10.087935851145062 73.4567975719317
1737061349198867456 6004.448197 12.497393000000557 20.1723149999998 -0.1964843728044525 0.00878906114984987 0.006640626368797392 1.9797231347446758 0.036585067317701725 0.05356848519355628 1.1329639605851891 0.01198384445226508 0.03399244633251208 6039.66227 512.010706 127.96042799999941 877.716732635427 22.479312772351705 22.69314033015951 51.693659101017744 1.35705692876234 1.1352518788865922
1750321012752775040 6135.694043 7.962985999999546 0.0 -0.1728515617503347 0.0 0.0 1.706507986967799 0.0 0.009389426146068747 1.108024492986778 4.980141772525926e-06 0.0 6849.720875 0.0 19.87142800000038 1142.837844353557 11.936734739431813 0.0 63.87752891500481 0.530987508520461 0.0
1779546757669063552 5996.593957 0.0 0.0 -0.2533203120720343 0.0 0.0 1.9995598684702405 0.0 0.0 1.100968008647127 0.0 0.0 6108.456187 0.0 0.0 836.6374574196045 0.0 0.0 50.202072462150134 0.0 0.0
179498266829041664 5388.984648 31.42525896199095 38.64091399999961 0.05120144985154577 0.029861346329420953 0.01851133575644539 1.989654676869281 0.028286209504419846 0.04751042259758331 1.1149262485546227 0.020007752249761257 0.010955506510482271 8632.52874 603.0916240000006 283.38006399999904 912.1490590562418 40.24830125177414 32.22902522413517 51.06721429145456 1.8978754976282488 1.2365903852484195
1808938730710633984 5778.688182 0.0 0.0 -0.1097656225145634 0.0 0.0 1.9850383676391932 0.0 0.0 1.1269517927705999 0.0 0.0 7032.179385 0.0 0.0 885.190302857001 0.0 0.0 51.3493825003631 0.0 0.0
181908842994567936 6582.245317 28.79119499999979 33.24177799999961 0.10937500053028273 0.02558593779072424 0.03242187473643017 1.4474867118710353 0.40044694684262483 0.18337352295013143 1.3179188607913128 0.10536950128198663 0.10219772862098453 1949.683213 387.61280999999985 1210.9579708 1802.9153593612 489.3767102074148 601.8807199971011 88.76833293143552 17.90382281756183 24.768489523017003
1835842749465226368 6740.385494 9.103052999999818 9.520784999999705 -0.3480468747001277 0.0039062498899998244 0.010742187591018582 1.172717847242591 0.4268048814679344 0.05569247470913341 1.1481211306621084 0.02980405459755664 0.019762798250464897 1342.8813854999999 2414.1762665 890.8237357999999 2364.6542570610895 311.7824281176281 1060.3444609167252 113.5245580872681 10.246481434168203 41.53784068993082
1849786481032616960 5278.87999 0.0 0.0 0.08107799166458743 0.0 0.0 2.012077563450025 0.0 0.0 1.1229168126288271 0.0 0.0 9222.254444 0.0 0.0 898.1957659082742 0.0 0.0 50.22762336251802 0.0 0.0
1909762228985058944 4690.881024 2.9723610000000917 2.4599769194501278 0.03269011348938979 1.5986855589344984e-10 6.057110368828944e-11 2.1909626920179206 0.5348131809661432 0.4128331262066143 1.334 0.0 0.005278710000000242 1.695098835 2.021571924803488 0.8673125920055146 954.8558942118157 498.818830752552 337.8823155327267 48.17939650174579 17.861616724781364 13.449593234271305
1925321658551399040 6717.620611 12.65277900000001 14.361520000000382 -0.44960937472353957 0.016796874971227393 0.02460937502382815 1.224689201418244 0.5526548018139259 0.13195804131656286 1.1232481971746016 0.024728995022874622 0.01944200392137141 3030.459713 1148.5434729999997 2163.9820936 2130.0923331281415 561.4383129845387 1091.9625135672047 105.275913389542 20.037770217679906 44.20768897390875
2033123654092592384 nan nan nan nan nan nan nan nan nan nan nan nan nan nan nan nan nan nan nan nan nan
2048464796210957440 nan nan nan nan nan nan nan nan nan nan nan nan nan nan nan nan nan nan nan nan nan
2051027792165858304 nan nan nan nan nan nan nan nan nan nan nan nan nan nan nan nan nan nan nan nan nan
2051368434612892800 5578.173567 0.0 0.0 -0.030859215950069338 0.0 0.0 2.0211004690097023 0.0 0.0 1.1259363058669751 0.0 0.0 7664.724603 0.0 0.0 868.3119060796139 0.0 0.0 49.958681909229625 0.0 0.0
2051866238502437632 6089.672293 3.814563000000817 3.5508439999994152 -0.03085937372408899 0.0 0.003710937650581673 1.0622191803688814 0.6677690857617742 0.0059959193855425585 1.1269121738474688 0.023142475994168077 0.0007243743401539326 1113.553179 5413.542853000001 156.91428589999998 3010.1914063787212 35.72321009652978 1844.134315590927 131.17702673949844 1.1194388422289876 67.32807520782511
2052136821446989568 5827.3437405 70.74601749999965 32.69830050000019 -0.17285151248137615 4.683449744691259e-08 0.06386719574976252 1.9972593500002875 0.013458359932596142 0.030526091720008974 1.1079192207531043 1.085415514578969e-05 0.00400687798501842 7227.278018 19.87142800000038 428.74676199999976 852.3907014733128 30.257934962632135 4.5900917033281985 50.356033559666166 1.270484245153618 0.3787334949911809
2052139123549626240 nan nan nan nan nan nan nan nan nan nan nan nan nan nan nan nan nan nan nan nan nan
2052826318309391104 4775.69502 12.232314291700277 19.764431999999942 0.500172028944548 0.00017410170019982463 0.00013689554039530982 1.9763212241987151 0.03244054561557874 0.029777643104033302 1.1319305680961238 8.475650998818196e-07 2.4483434717392782e-06 16225.53529 19.5285700000004 19.5285700000004 986.6660316212284 28.191138286397745 29.630687569679026 51.80354811850958 1.1933040081369342 1.249878324722431
2052975370856687744 5612.12923 37.462258000000475 34.504344999999375 0.013085988604892325 0.038087879442265236 0.04394520455496166 1.9884316787154137 0.0326687902942886 0.08152112700357139 1.1259363058669751 0.02603525011311625 0.01897223719270036 7645.110317 608.8212709999998 362.74539899999945 895.8205031590148 68.41103297448194 24.184605680157574 51.05143236110135 3.241525356774112 0.8170453740426709
2053562475706063744 nan nan nan nan nan nan nan nan nan nan nan nan nan nan nan nan nan nan nan nan nan
2054523105274216704 8733.653307 54.93234200000006 122.22982200000115 -0.06914062479119201 0.023828124710539675 0.022656250137075354 1.387976926793078 0.0484584755315538 0.04803716276448311 1.592774245638731 9.179679251936079e-05 0.038793508621989936 232.2992142 103.65714280000003 137.28011463 2076.040077754265 126.24912032867678 129.75521211004434 104.37831130890072 4.7769377312904595 5.2074976551878365
2056007995732413312 6034.714884 0.0 0.0 -0.20351562398206247 0.0 0.0 1.9945798998717483 0.0 0.0 1.1019827047408375 0.0 0.0 5854.755045 0.0 0.0 838.9329919949085 0.0 0.0 50.41341830780935 0.0 0.0
2073153024144692736 6426.9972245 12.53088149999985 12.033257730875448 -0.06874999944645313 0.009765625158338183 0.011914062448029644 1.3757170866474577 0.31951800482524995 0.28310188179000106 1.1744645115881556 0.06088194258709945 0.048814557337489406 3226.194428 992.3636109999998 2667.8078204 1821.380028282416 1008.1377572470121 582.3246949895276 90.85665347340104 36.17410848070824 22.997996415135447
2073274618947678464 5622.827596 0.0 0.0 -0.08437461966547877 0.0 0.0 2.0112007396032827 0.0 0.0 1.1189192554421599 0.0 0.0 7686.314475 0.0 0.0 867.9491339479125 0.0 0.0 50.170930775911316 0.0 0.0
2073652546016392448 nan nan nan nan nan nan nan nan nan nan nan nan nan nan nan nan nan nan nan nan nan
2073697660354300544 4884.351413 1.0952919667797687 0.0 0.032690113852816144 0.0 0.0 1.6277383394583527 0.0 0.004874448518536134 1.339 0.0 0.0011056099999999791 4.534318546 0.12667656556279994 0.0 1701.342261204065 9.417526920823093 0.0 75.37881629808633 0.33260237473989207 0.0
2076121602454770560 5690.860403 71.73664300000019 67.64481076393895 0.08476562745255185 0.07343751664769489 0.07167968330940706 1.909785562495327 0.09761358316511126 0.1925123492468812 1.131958454577447 0.03601307375194818 0.02357225299441712 7413.665163 1097.8549854729463 816.7686899999999 973.4394628012124 215.8722802736529 82.60643124932415 54.678088738597545 9.082483794453069 3.693834716049274
2076185408488670208 5457.628593 15.108109999999215 23.572646000000532 0.013087102284229348 0.029491913909989936 4.958384222774476e-07 1.991614379705194 0.019522942942424626 0.06604178959839424 1.1029554954502034 0.011978996531094577 4.3341209590153085e-06 8353.645874 822.5316330000005 19.942858000000342 884.3597245073507 70.72583566694334 14.008532855188605 50.54835526132121 2.83873183829035 0.7343494833992708
2076454445237794432 4689.404312 9.160657000000356 3.1944826659591854 0.032690113549960896 1.8171322085924757e-10 1.2114220737657888e-10 2.0315041609873647 0.7909488517745302 0.3357102837062982 1.334 0.0 0.02018682500000013 2.184661154 2.053365966 1.4486630066 1110.5778153811525 460.1860284404179 535.3600029550748 53.96190274799341 16.313649153721123 21.010512077941748
2078000289864478976 4566.17357 19.68524606412484 17.42564399999992 0.03269011342881869 0.0 0.0 4.733928285512173 0.4766043697949911 0.46642906336088163 1.316 0.014000000000000012 0.030000000000000027 0.08276824727000001 0.06750643233 0.05116493721000001 203.2398766692495 50.64608323669074 34.15771289356408 14.946999639865927 2.7500781077030414 1.836838948103221
2078648211455026432 5314.343462 6.845600833100434 31.87288850169898 0.032690114034529275 1.2114220043768498e-10 1.8171313065362682e-10 1.4840026441104919 0.05646546409243314 0.0360492115115858 1.3299999984917803 0.00341345050273989 0.027999999497260175 9.819970114 0.48534840599999995 0.9384141647781501 1952.7192684180138 51.43008806781427 143.8584242039842 86.23487531172385 2.3601861642065955 4.636282922480845
2079807646464016256 nan nan nan nan nan nan nan nan nan nan nan nan nan nan nan nan nan nan nan nan nan
2079880695265507328 5660.980316 0.0 0.0 -0.08437479028232647 0.0 0.0 1.990845402209608 0.008843228259056701 0.0 1.118924157156503 0.0 4.901714343086283e-06 7666.600189 0.0 0.0 882.8024002414331 0.0 13.855510242319838 50.94246254756165 0.0 0.45078259325381254
2080271674728481280 5324.195884 21.21735400000034 0.0 0.0810682784502186 0.0 0.013097753405432858 1.986342221800468 0.04128121315642663 0.0 1.1229206289276557 0.012005257654215562 0.0 9202.597301 0.0 550.5828459999993 917.693487414537 0.0 29.339603579719892 51.20700002390011 0.0 1.291122320189153
2080296757338392576 5794.64544 0.0 0.0 -0.17285151248137615 0.0 0.0 1.9876464799829765 0.0 0.0 1.1079192207531043 0.0 0.0 7247.149446 0.0 0.0 866.762523226403 0.0 0.0 50.81375001689994 0.0 0.0
2080466185207274880 nan nan nan nan nan nan nan nan nan nan nan nan nan nan nan nan nan nan nan nan nan
2080605823183999616 5831.807135 35.69170800000029 37.39856099999997 -0.04785155573125586 0.041601556603364835 0.04453104402449167 1.9476981386267305 0.05939451738872892 0.08333131178936837 1.1280245578402293 0.030911345834799597 0.015026430156163784 6951.545352 497.42210799999975 504.6865617888652 924.6782771007671 75.24998334183931 54.98282067276784 53.06097268407146 3.3294034842323583 2.29293799984967
2082161219824397568 6765.255209 12.629600999999639 8.001148999999714 -0.48613281227132976 0.0078124998578325 0.0044921874275585805 1.2200574893459168 0.40065029690528364 0.1525247557181224 1.129067043889196 0.006905586446131373 0.019657889497762815 2570.151507 1550.822162 2245.4719449 2137.0615928605034 701.8748006497553 900.3743878274624 105.74190747760407 24.769651364738237 35.88666387648952
2085204015173031552 6172.930355 24.90786499999922 23.423445000000356 -0.27695312439604863 0.02363281232401432 0.06132812523762654 1.9447239528517286 0.05934400754556379 0.10079089461296653 1.1189471811371978 0.02399045648785858 0.008948286662309846 5764.991191 163.72213899999952 226.46411999999964 888.2446284679465 84.56285238392582 52.30792413320705 52.64815354841695 4.111065000440604 2.124916148847049
2085527924426959104 5024.492787 0.0 7.405599928440097 0.03269011391338725 0.0 0.0 1.4840233167699006 0.011249013609016645 0.0 1.311 0.0054615200000001085 0.0 7.239355813 0.0 0.3897079433844608 1975.8723295169123 0.0 19.976065065983448 85.67935202640457 0.0 0.7855685218458177
2099583977992504576 5860.671405 0.0 30.73326426571566 -0.17285154685372078 1.125386095424119e-08 0.0 1.9469180282613572 0.01952899902129812 0.0 1.1079300749082501 0.0 5.351656304553032e-06 7207.406589 19.584386208094656 0.0 898.3117535923334 0.0 15.436863429064488 52.41681034640503 0.0 0.7788767658220479
2099854801450635520 5180.813803 7.951474000000417 10.892449931970077 0.032690114034529275 1.2114220043768498e-10 1.3307543955676238e-10 1.4513046693927316 0.06793378652725779 0.0018775125519763236 1.30399999949726 0.030394030000000072 0.0020000000000000018 8.869181885 0.007440449000000626 1.1942187069999992 2022.144303753704 3.68549283068387 106.34986578001804 88.35615766595832 0.10381800877780734 4.323926381558536
2100524610190045312 6201.910059 12.282697000000553 14.595675999999912 -0.14570312437502558 0.012695312771186074 0.012890625193243105 1.8019088982441611 0.1533590469124726 0.23093895972440293 1.1199796510984867 0.05305970790809922 0.007890206123372323 5321.352544 945.8733969999994 668.012616 1065.6666454818874 288.7258075551681 165.84025993913542 60.056610410285494 12.626412929230078 7.01569338990236
2101035367703145088 6515.734392 32.18823599999996 38.79380399999991 -0.26210937432160525 0.017968749753309476 0.014843750074443385 1.2691775617246674 0.4992538438091294 0.18705358428659347 1.130593387461666 0.01928137549645581 0.016338860288572565 3489.433978 994.5886520000004 2753.9999965 2024.8900798470431 791.365659374555 933.6802493567038 100.0812731839828 27.711692488937587 37.81699268303244
2102070660978313472 nan nan nan nan nan nan nan nan nan nan nan nan nan nan nan nan nan nan nan nan nan
2102119176929154304 6059.0108 5.7398620000003575 5.366710999999668 -0.08476562274542809 0.004101560850945318 0.013281251252317938 1.7806869741253875 0.16968618189869855 0.12094979353220947 1.1250501236740234 0.038922594640792285 0.011050606304358723 6306.632036 807.9681529999998 499.9326060000003 1077.218180230746 150.60525104863177 163.4320225369188 60.520501355563084 6.406771103100311 7.260188719706051
2103845032226500352 4793.560995 26.173165000000154 0.0 0.34743877464727535 0.0 5.293785607568546e-05 2.0132124188363036 0.0 0.026419650097482483 1.1169412865114876 2.5865969532912203e-06 0.0 13508.26839 0.0 19.742849999998725 936.4956492368228 22.459768895808793 0.0 50.05145249797009 1.0017198850162288 0.0
2105221139747765504 5241.072247 0.11307200000010198 5.439107000000149 0.03269011397395835 6.057092327704794e-11 1.2114220737657888e-10 1.4789907319541975 0.05210971980192891 0.023241308511188885 1.3299999989945201 0.006000000502739855 0.04400000050273989 9.817461956 0.7278550240000001 1.8577399480000008 1973.1807076641512 11.767732668708504 128.9256703258186 86.93426061639656 0.40840821803990934 4.585663011435358
2105274977158196480 6717.295136 8.204525000000103 7.66046599999936 -0.19414062478455507 0.012890625477001122 0.006054687335039444 1.3378215860924676 0.39664619429251724 0.1404447153735111 1.1716167598411342 0.10943799105122909 0.05587701372480014 2477.698404 699.3852519999996 1108.3776970000001 1841.9934700107644 433.98420685074393 641.3735630401941 93.75203126461908 16.209561778949862 27.501124695204737
2105415302330571008 5668.812184 36.59983699999975 25.984433000000536 -0.030859318825774855 0.029882917493439996 0.032030996370987004 1.9884316787154137 0.0326687902942886 0.03866722884567819 1.1259458518928158 0.03296547936252581 0.01897714594540245 7429.327167 237.2730219999994 346.64756000000034 889.1084303443439 33.72555400083945 20.161540345230605 51.175598071115154 1.5288425610884602 0.9441824354631052
2105538623730974848 4907.136767 8.247521704579412 0.0 0.032690113852816144 1.5579513373831233e-10 0.0 1.526335208221904 0.04185193596116088 0.017690959701398112 1.316 0.013158414999999923 0.0131442100000001 6.8141055675 0.35546501849999945 1.0041428553680456 1897.2550325962675 23.493768400210456 70.98679085336994 82.29794204678396 1.0051543368664682 2.5801483823281757
2106371744306291328 5329.836451 27.61804099999972 15.492989000000307 0.03269011409510038 0.009891639994772335 2.4257103964364646e-10 1.5080769236299223 0.4720880895690631 0.05788511131431995 1.3109999984917802 0.02806629100309954 0.19907063646363676 9.795650567 9225.91853407721 1.0927499531915892 1899.9486503733108 99.86113450190123 987.799591317069 84.42594388606658 4.031938142927103 33.231635985845095
2106496607595412480 nan nan nan nan nan nan nan nan nan nan nan nan nan nan nan nan nan nan nan nan nan
2106996095111385728 5706.7596795 114.78860790030012 77.99494649999997 -0.030859318825774855 0.02460931966186167 0.0535154826944241 1.9841108412843562 0.0368401079982541 0.05005833577758989 1.1259410698305767 0.03297026142476489 0.018944606606002834 7288.44388 376.28072299999985 508.4238487696248 895.8205031590148 43.30237690948877 27.5117171735086 51.36245473115336 2.1803939031610255 1.1915239552420474
2107244481660894592 4647.275074 19.50606599999992 12.336565999999948 0.032690113549960896 6.057101348266869e-11 1.2114220737657888e-10 2.0102526858066336 0.6471923499711432 0.21386246455827984 1.316 0.014000000000000012 0.030000000000000027 2.27493238 1.052405989 1.3636904650977182 1123.5434698887645 267.45864264183774 481.24003403694906 54.4487460462801 9.541165413362087 18.64091937782333
2107279803471399168 5544.694686 34.398724000000584 49.57592599999953 0.021485022939715298 0.04140567080730967 0.04414121007510011 1.991614379705194 0.029486089304508356 0.08212779942320592 1.1149386692473984 0.025991693228093027 0.011970016590417742 7929.612573 630.882051999999 324.80455299999994 897.4453236117665 71.15250232211292 24.35386560517702 50.97331213282537 3.0908327951956736 0.7760286527599334
2107311723669410560 4651.614499 0.0 0.0 0.46485211030576645 0.0 0.0 2.0001991954082485 0.0 0.0 1.1029693590065859 0.0 0.0 15728.98906 0.0 0.0 951.0401324120273 0.0 0.0 50.223591494236516 0.0 0.0
2107622335702262400 5324.195884 2.310037000000193 3.6323899999997593 0.0810682784502186 0.014258206051625893 0.0 1.986342221800468 0.013816697335925943 0.05789522047194273 1.1229206289276557 0.0 0.020981368458096616 9202.597301 661.8058120000005 0.0 917.693487414537 37.529541950630346 9.812500722450181 51.20700002390011 1.8207476369351667 0.5795889087936246
2107658516506930048 5697.793003 37.652398000000176 37.541267999999945 0.107031413294739 0.0343748392700918 0.03125012843422391 1.874327654031298 0.12695904144884018 0.14024388935856957 1.140006075109346 0.04196449550047765 0.02802843346236994 7449.466406 1253.0106930000002 798.2326909999992 1016.3022534716531 151.94266004881365 105.48077032852143 56.49685314626065 6.392259444413341 4.874359188851905
2119534646538533888 5935.594971 33.320222999999714 0.0 -0.23671872909082747 0.0 9.734520967086269e-09 1.9743394080298142 0.0 0.021663730683184168 1.1039182358855764 5.895631190133699e-06 0.0 6827.808598 0.0 19.928571999999804 864.8581854271206 16.830037570668082 0.0 51.23557879131475 0.8551403224823773 0.0
2119710538336363904 nan nan nan nan nan nan nan nan nan nan nan nan nan nan nan nan nan nan nan nan nan
2125751461382627840 5777.12656 1.5616220000001704 22.080049999999574 -0.09238243252318848 0.008007463541011214 0.01738318999137492 1.9549205472834246 0.04790940434905111 0.01926410767381559 1.1189439198632547 0.00800787290734517 0.00501124478407311 7316.334283 271.40876299999945 284.1548979999998 902.2534052638324 24.02167461561271 30.939816887204756 52.23621717791407 0.9007421708256942 1.569653162003064
2125848733801094912 nan nan nan nan nan nan nan nan nan nan nan nan nan nan nan nan nan nan nan nan nan
2126119862195142272 nan nan nan nan nan nan nan nan nan nan nan nan nan nan nan nan nan nan nan nan nan
2126436800722944000 5794.64544 0.0 0.0 -0.17285151248137615 0.0 0.0 1.9876464799829765 0.0 0.0 1.1079192207531043 0.0 0.0 7247.149446 0.0 0.0 866.762523226403 0.0 0.0 50.81375001689994 0.0 0.0
2126556132093765888 nan nan nan nan nan nan nan nan nan nan nan nan nan nan nan nan nan nan nan nan nan
2126912305142208384 5373.861612 30.00390300000072 32.7327379999997 0.18164484016128643 0.030855416379077683 0.03750387549885445 1.9548536278518722 0.058782522990389996 0.07020875820263739 1.13096179075964 0.0439680192046652 0.02397037194682028 8914.808399 981.6036500000009 665.1978099999997 956.5177482987609 53.070768452407606 47.19476317397584 52.775985953463305 2.5175325313521455 2.135999238734094
2127956360152391168 5180.813803 7.951474000000417 46.48268499999995 0.03269011397395835 1.8171312371473292e-10 1.2114220737657888e-10 1.4958864628444246 0.023351993075564792 0.04645930600366932 1.31599999949726 0.01953823999999993 0.014000000000000012 8.876622334 0.25898890900000104 1.2016591559999998 1931.0807676643958 94.74902891999204 23.192497568678164 84.82344577161128 3.6365299031248526 0.8154324627585083
2127985806448631808 5622.827596 0.0 0.0 -0.08437461966547877 0.0 0.0 2.0112007396032827 0.0 0.0 1.1189192554421599 0.0 0.0 7686.314475 0.0 0.0 867.9491339479125 0.0 0.0 50.170930775911316 0.0 0.0
2128013019361703936 6180.491861 80.15635399999974 85.71941300000071 -0.1330078116038395 0.06171875026390683 0.07011718762776648 1.758951516014194 0.2014374097781766 0.6524425261823013 1.1299338891961188 0.03606765723191385 0.019917100698808587 5400.72442 687.760338 3659.7030593374398 1093.7281890458878 1662.0863504801566 195.56535318824285 61.61526539910369 61.99595923791429 8.825371552944063
2128198974266072192 5898.089758 0.0 25.711207999999715 -0.23671870823113866 0.040234355273802674 0.0 1.9972593500002875 0.0 0.0 1.103912342768086 0.0 0.004964269770247665 6847.737169 0.0 196.06419300000016 847.8006097699846 0.0 0.0 50.356033559666166 0.0 0.0
2128273225659492608 5757.198178 30.855884999999944 32.59171499999957 0.08359377749331831 0.03866425717879568 0.03242174370450523 1.876269762533285 0.12502575383748282 0.17257491933953295 1.1400251309637524 0.04195540294605604 0.028035469307726935 7216.731219 1165.8205489999991 849.3255749999998 1019.6134977654694 188.73412637229626 120.61142294786578 56.68993525389911 7.949725306219165 5.163550577712847
2128369501647063808 4910.220128 9.0265959999997 25.86871499999961 0.03269011397395835 4.717445184487801e-11 1.6831672861039593e-10 1.526335208221904 0.10140313123644873 0.01799585626621103 1.316 0.022336490000000042 0.013557660000000027 6.426204142 0.0324364070000005 1.8918855959999998 1897.2550325962675 25.45554558213894 195.91277139220256 82.29794204678396 1.094389708433411 6.919125748697624
2129503235571760128 5827.408419 100.31946100000005 123.36972200000037 0.09335945576816367 0.048046800081454746 0.09433599343350996 1.7997801362457369 0.18819094101002443 0.7224458481155642 1.1300069368055905 0.04578998965517811 0.021159812468523498 6784.783736 1145.2082799999998 4813.737212059635 1085.4870140386224 1905.6831313385433 181.7136398198486 59.71633012821717 69.18409755300561 7.954029284102589
2130124219123552256 4779.311953 18.849898999999823 21.046295187650685 0.03269011361053191 1.8171322085924757e-10 1.8171322085924757e-10 1.8556390753233607 0.7837369189139449 0.207913203011324 1.319 0.03400000000000003 0.014999999999999902 2.8495344989999998 1.9239563380000009 1.9926515022393574 1336.4239588410824 335.7712255899903 682.3151790238403 62.2507444219365 11.622366364883192 25.769277841806847
2130368310704421120 5860.671405 0.0 0.0 -0.17285154685372078 0.0 0.0 1.9469180282613572 0.0 0.0 1.1079300749082501 0.0 0.0 7207.406589 0.0 0.0 898.3117535923334 0.0 0.0 52.41681034640503 0.0 0.0
2130825020347168512 5137.298351 13.66664799999944 19.989266999999927 0.3490377237311517 0.016628115966695278 0.010730253528418388 1.9651063294742837 0.06053951931537793 0.12051684811677221 1.1489591423256749 0.028177909967897374 0.03198125182243228 10100.54851 1991.691139999999 1038.6265660000008 977.3254733482441 114.11844912169101 46.417506758986406 52.65790602369532 4.768521412292451 2.0328191979309693
2130889204338693504 5935.594971 0.0 0.0 -0.23671872909082747 0.0 0.0 1.9743394080298142 0.0 0.0 1.1039182358855764 0.0 0.0 6827.808598 0.0 0.0 864.8581854271206 0.0 0.0 51.23557879131475 0.0 0.0
2131059594280288128 5799.267953 84.80244800000037 72.55390499999976 0.3171875089005486 0.06874999590457076 0.059375003617975874 1.2441022428210746 0.3892919966292123 0.16596663387427468 1.1663946986074103 0.07090054108423183 0.04761672186661303 5016.106043 2316.5793750000003 3441.659805112035 2324.738023200923 753.3962174630847 929.4719086065652 105.32271782405545 24.544896845652517 34.20118543582382
2131748747552136960 5660.980316 0.0 26.046480416800478 -0.08437479028232647 1.164784157597909e-07 0.0 1.990845402209608 0.013896385285287582 0.0 1.118924157156503 0.0 3.3463513648968046e-06 7666.600189 13.458745909339996 0.0 882.8024002414331 0.0 10.140176365923594 50.94246254756165 0.0 0.5267170251879634
2132144056342471168 nan nan nan nan nan nan nan nan nan nan nan nan nan nan nan nan nan nan nan nan nan
2132152916856093952 5876.309767 15.015126000000237 20.7044249999999 -0.10976562385462844 0.013671876228196267 0.011328110226149754 1.9652409792554506 0.049951674171972105 0.06791443951758991 1.1269830194560353 0.01095361520285576 0.008016692473983067 6599.989178 353.790207 171.86105899999984 898.3900138653372 53.194967580666 38.354576188829924 52.197046759322006 2.4359841968710896 1.751817825745313
2132614922197436928 nan nan nan nan nan nan nan nan nan nan nan nan nan nan nan nan nan nan nan nan nan
2133035966431029376 nan nan nan nan nan nan nan nan nan nan nan nan nan nan nan nan nan nan nan nan nan
2133946843094378752 5457.628593 15.108109999999215 23.572646000000532 0.013087102284229348 0.02259564085085772 4.958384222774476e-07 1.991614379705194 0.019522942942424626 0.06604178959839424 1.1029554954502034 0.008981826454175446 4.3341209590153085e-06 8353.645874 0.0 19.942858000000342 884.3597245073507 70.72583566694334 14.008532855188605 50.54835526132121 2.83873183829035 0.7343494833992708
2134850847813263360 5622.827596 0.0 0.0 -0.08437461966547877 0.0 0.0 2.0112007396032827 0.0 0.0 1.1189192554421599 0.0 0.0 7686.314475 0.0 0.0 867.9491339479125 0.0 0.0 50.170930775911316 0.0 0.0
2134931077802625792 nan nan nan nan nan nan nan nan nan nan nan nan nan nan nan nan nan nan nan nan nan
2136815881249993600 5832.914277 15.535907000000407 15.54262800000015 0.099218752058213 0.01699221381156381 0.009765621682462311 1.6367928435043162 0.30613517026403736 0.6567926990056189 1.1409889457543612 0.04597996128902526 0.038008419385651804 6364.872044 1368.7235410000003 6053.447896 1319.2719725878085 2217.9098111537623 365.722876397071 69.16058362235363 77.3946672970096 15.267340959608703
2139300262131379584 5622.827596 0.0 0.0 -0.08437461966547877 0.0 0.0 2.0112007396032827 0.0 0.0 1.1189192554421599 0.0 0.0 7686.314475 0.0 0.0 867.9491339479125 0.0 0.0 50.170930775911316 0.0 0.0
2141754578242371584 6084.941667 4.325759999999718 5.101819000000432 -0.07128906133993268 0.0 0.008789063104781225 1.0687714137004893 0.8372278789029026 0.010130906330336975 1.14096858177065 0.031071210095017898 0.0008088628022724365 517.9721704 5727.2142816 252.38571409999997 3011.084379723172 60.33771423819371 2026.7883648013049 130.78041339089827 1.8831713744462206 74.79243010417859
2188906825165621120 7426.431436 1.1315730000005715 1.0683710000002975 -0.19785156238672955 0.008789062539030251 0.009234894526257642 1.4025048945518959 0.3966048166232452 0.14201185176877917 1.3496344663415616 0.0826713654416571 0.09077875270222724 1110.821881 362.8627839999999 923.3999996 1853.8399914457245 387.66269369581596 613.0014943859148 93.86706475951875 13.90731423969359 26.11144466295498
2221164434736927360 5319.290214 2.12518799999998 14.038659999999254 0.1816479410512956 0.008006858002872819 0.006840486163266324 1.994649148536034 0.00593449104826993 0.09528208014861073 1.121980932582575 0.04693840178975428 0.013010693781106974 8968.509441 1007.3311790000007 533.5418000000009 949.0350893112968 42.616223018074265 44.881481495266144 51.919250176647566 2.5037530896424514 1.2792634619183545
2254929887069708160 5802.472609 1.609875999999531 0.9727100000000064 0.2951171898973715 0.0017578144588626943 0.0005859358114355673 1.0805732980785268 0.4546577201124933 0.051634967678301225 1.1641464159670203 0.031717890503242696 0.06116284550801887 1793.379918 5347.228123999999 1577.9004448 3163.6280811621627 64.22649509360599 1719.032937655936 131.70312025267333 4.720457206018011 57.03826022963918
2296342614570999552 5765.828525 0.0 0.0 -0.07128905994655778 0.0 0.0 1.956937274625166 0.0 0.0 1.1399563827861847 0.0 0.0 7177.072165 0.0 0.0 922.3320770259361 0.0 0.0 52.76120108684933 0.0 0.0
2300641567596591488 5013.645111 0.0 0.0 0.03269011391338725 0.0 0.0 1.5005008008534768 0.0 0.0 1.319 0.0 0.0 6.6685140789999995 0.0 0.0 1946.6115155808895 0.0 0.0 84.52865621740514 0.0 0.0
2303332931542914048 5934.591431 8.518737999999757 8.882115999999769 0.28125000393446054 0.010742187425528182 0.004101564512155154 1.3637918777354108 0.305894541399955 0.29160380225676774 1.1645133030013572 0.1126119526418985 0.043528807889537946 5054.6790445 1118.7775385000004 4386.6781777 1877.6124592190408 1266.352701147664 538.0455042822016 90.81709835738704 41.98762463424467 21.70440176379681
2340919358581488768 5748.315405 4.006022999999914 2.956731000000218 0.04257813726915938 0.008593948837307623 0.004296883436482837 1.80779146465605 0.1600967465507226 0.0819668673832652 1.1149728998039314 0.028025640742044056 0.0029673772057714487 8402.323197 456.8257389999999 1629.9941249999993 1058.719967092728 99.45937209476779 142.56275499626122 58.76863080410021 4.152193731439731 6.377458531019634
2385171398768647552 5392.840637 5.230067363624585 13.292087426500075 0.032690114034529275 2.0367041386748497e-12 6.057092327704794e-11 1.4743611647889026 0.013878192630422559 0.015728178069842613 1.3309999984917802 0.008000000502739857 0.026999999999999913 9.445047288000001 0.9232469065737483 0.4853447690000028 1969.1266447513171 0.2849159572153894 46.5515913963377 87.34404863049546 0.6495251102542454 1.4771507525885568
2415410962124813056 5597.568153 0.0 0.0 -0.000976274315075343 0.0 0.0 2.0083320982648654 0.0 0.0 1.116958335930823 0.0 0.0 7455.803968 0.0 0.0 870.8632620107538 0.0 0.0 50.23438698705868 0.0 0.0
2424406513428936832 5367.764065 8.186085999999705 3.903425999999854 0.09531875557403696 0.016023054482878787 0.014255959393070242 1.9809291366885786 0.038020218315246046 0.07263737872174003 1.1289353933939974 0.017007038861796664 0.026992450857171724 8808.696058 1035.7499120000011 282.62904399999934 924.2218185059836 47.835686300642124 22.093980349892718 51.5545557922207 2.3156093187430287 1.0734130753232094
2424621502311961344 6020.91247 17.246698999999353 14.791360000000168 -0.06132812403888507 0.01347656305657094 0.0193359378555977 1.8670986890157986 0.1306440745469497 0.15836944938088426 1.142018791413202 0.031964745864963895 0.02494764416067574 5983.573529 708.1414939999995 460.836241 1005.4086525324138 157.84681320046286 131.08937384639603 56.92108379298754 7.190571751013373 5.555378333976854
2439222638771000448 nan nan nan nan nan nan nan nan nan nan nan nan nan nan nan nan nan nan nan nan nan
2441013811932929280 6425.528925 10.278503000000455 11.411110999999437 -0.3636718747235749 0.00742187528096061 0.0 1.7977446600182887 0.13568932636288888 0.04696676098621433 1.1370433723794682 1.868131315663213e-05 0.02103217736664842 5002.230131 147.93612799999937 539.5263720000003 1013.6389744364336 74.8250474842863 128.4179060000372 59.289730032096436 2.980466162520507 5.845417383991588
2498515516990171392 6057.849716 0.0 21.43553199999951 -0.27695312433777225 0.0 0.0 1.9650458844470517 0.01996182215014053 0.0 1.109961924991202 0.0 6.309386154645935e-06 6080.906976 19.84285699999964 0.0 868.9348047363779 0.0 15.882907118961612 51.74053460095682 0.0 0.7786564560531701
2507901914613201024 6121.599001 5.388960000000225 3.7727139999997235 -0.07128906133993268 0.011132812098220132 0.0 1.4917390741731225 0.42515110606261874 0.3900432171880124 1.1408644638278618 0.033148688854255814 0.0006453427068522366 5135.657817 837.7286349999995 3821.6999330000003 1540.7185385731977 1286.2812387521435 562.8647311796194 79.28570813580818 45.67178104323351 23.506673914339288
2512413932376364288 5726.26521 0.1016380000000936 22.226512999999613 -0.08437492560109429 0.013085868731572733 0.0 1.9531479666660916 0.037618645750544744 0.0 1.118934022422201 0.02101230807903054 0.0 7627.171618 0.0 411.2708810000004 911.9734792349085 0.0 28.373105117745467 52.4246374121836 0.0 1.230315627153999
2538824923230146560 nan nan nan nan nan nan nan nan nan nan nan nan nan nan nan nan nan nan nan nan nan
2562569564026683520 6291.241877 20.365061999999853 23.13599400000021 -0.010937498522839973 0.015234374797288428 0.023632812910738026 1.2581015112694607 0.3184103649418841 0.13518486703244248 1.1633798848725554 0.04317983610678189 0.03604280579156405 3536.443879 1183.1190460000003 2304.339512 2164.262537566941 562.9115678549288 738.4094645433281 103.056482707219 19.33010253617607 28.32836001820337
2641087471777046016 6087.787221 0.0 0.0 -0.3382812496336752 0.0 0.0 2.0057018193895684 0.0 0.0 1.1139370257905585 0.0 0.0 5951.34213 0.0 0.0 834.9912428234557 0.0 0.0 50.26511511989747 0.0 0.0
2645727449501559680 nan nan nan nan nan nan nan nan nan nan nan nan nan nan nan nan nan nan nan nan nan
2657135741633337088 5783.368925 101.36855999999989 112.72161199999937 -0.04316405840234143 0.020507825314892283 0.05488281223402913 1.9725182514076043 0.045221708449075804 0.08176013360018874 1.1260075511537881 0.03290378010155348 0.018940626686280382 7135.301023 472.15630899999996 540.10261839552 898.3900138653372 74.68103026681479 30.10219652618025 51.73996409047063 3.4749160803245687 1.3944331441852853
2657374606238804992 5013.645111 11.783234162355257 49.710594972069885 0.03269011391338725 1.834486729190843e-11 0.0 1.5005008008534768 0.03924915962178743 0.016477484083576188 1.319 0.015605730000000095 0.008000000000000007 6.846965515999999 0.4624459174678561 0.3133520755070647 1946.6115155808895 29.260813936022714 67.745339767303 84.52865621740514 1.15069580899943 2.787227150135422
2666015878575546496 5061.437778 11.917715999999928 29.347007000000303 0.28420224470845257 0.029541219109434802 0.023645950589883835 1.9868654436757018 0.04173293765132824 0.060881321278835054 1.1359439138303755 0.021996521039666206 0.02798968629028198 11264.43284 377.06161000000066 1356.2587649999987 950.7980803412438 51.386679609792054 28.73867498177549 51.38623693125212 2.0813986844850376 1.1238374892700236
2677447294810845824 5029.355739 5.478715000000193 8.904239999999845 0.45315864908392534 0.010602905677182195 0.012120293258208958 1.916064746918799 0.0901165723471189 0.060136395267919474 1.1459729445477855 0.03502643155195817 0.03495975617113278 11369.59981 1418.112000000001 1420.698524643276 1026.1720829890864 75.80689671008827 65.06230776089785 54.166341870799755 2.8360349836478775 2.9576158744121344
2790691147020786816 6305.361276 6.450510000000577 5.982605999999578 -0.0800781244447139 0.0017578124593709832 0.0 1.2698694462177287 0.3510115875015096 0.07311332637439105 1.1727108471167866 8.345985621605045e-05 0.0003000588205721577 3500.187816 1178.3365679406238 1459.7 2124.2433017861686 302.5037894057209 843.9878366599194 101.94835449302407 9.951823157724746 31.967451852183146
2831084391023184128 nan nan nan nan nan nan nan nan nan nan nan nan nan nan nan nan nan nan nan nan nan
2841043011433969152 nan nan nan nan nan nan nan nan nan nan nan nan nan nan nan nan nan nan nan nan nan
2868528637464028160 6061.436269 22.99996900000042 21.903212000000167 0.19433593930447135 0.04296875161072178 0.032226561936762016 1.2995321593712796 0.37053496422758614 0.16665381102634336 1.1914594937408878 0.06875527829706907 0.048495251621336166 4082.789177 1298.1971149999995 2875.66238 2115.759348258054 680.3139505485306 776.2113078250727 99.32668701852045 22.84951282630165 29.590241126035593
2878641361300809856 nan nan nan nan nan nan nan nan nan nan nan nan nan nan nan nan nan nan nan nan nan
2881784280929695360 6505.507363 14.17939699999988 13.223594999999477 -0.039843749669548414 0.00996093821277309 0.0179687495376906 1.3086605744290505 0.36815476054912377 0.12358207727301496 1.197764082248253 0.0811107420441406 0.06300934844904726 2582.176148 728.9070729999999 1175.115987 2010.7712828907609 423.9254342304155 707.3749786430817 98.12821157062741 15.071375008866326 28.35827034257393
2912264564319611136 5106.127551 0.0 30.81208499999957 0.19493682053665135 7.25030766485224e-06 0.020093550515242392 1.9343357013866125 0.07989504218499266 0.0 1.1009441149263486 0.008005454728269079 3.0541450908305734e-06 11697.96059 19.971419999999853 1602.9771099999998 971.7456464310543 0.0 71.76892478022637 52.761869770679866 0.0 2.9276134174638173
2924661867160818304 6247.747705 1.4580100000002858 1.5468540000001667 0.07929687593326228 0.00644531311353666 0.001171874634651321 1.3892364129528345 0.18657542242504754 0.2192815396803487 1.233379232316123 0.0005121839022672603 0.0933989502790209 3689.763979 691.0223499999997 2748.150186 1851.5684717536783 827.4020016982131 435.1646933706288 90.50748237064377 28.23899083059925 16.16028835986127
2930141657016297216 6186.973643 3.000438000000031 4.882755757620544 -0.13046874937742206 0.0042968752315292735 0.002539062226417449 1.817096364096459 0.052222953582129916 0.20440776957274398 1.1250443894223519 0.03195308732592639 0.005896774923332071 5795.287133 178.3747860000003 449.1351059999997 1048.8386523287363 238.81893621127347 63.8048662159639 59.406522314779416 10.473485819923532 2.359431969417308
2959177048983750016 6260.594045 9.340707000000293 11.78749599999992 -0.21953124953259928 0.008203124862929484 0.007226562551978899 1.8890583185240142 0.13835799875774235 0.07901721044186405 1.1550087335981096 0.01600100447438546 0.03499136443617701 5132.478475 493.98803099999986 408.7644760000003 932.0845693796016 98.50372299601645 87.07986390287715 54.870929342085844 4.438102587992574 4.0210293399216255
2966680597368750720 nan nan nan nan nan nan nan nan nan nan nan nan nan nan nan nan nan nan nan nan nan
2980392087185289216 5843.799369 8.659769999999298 10.88509200000044 0.06796875191979568 0.011328125192553495 0.009570312753826221 1.8031549759312617 0.177086256376634 0.13981778067254447 1.1350790774722237 0.04693585490925534 0.03097127042380987 6922.841956 1066.6582129999997 851.8390310000004 1100.3267077808748 148.88760488190155 181.42255746717638 60.20141602685779 6.814853890612177 7.98305636513664
3022644120017418496 5248.178188 12.945026999999754 16.02917400000024 0.3328183716827824 0.015424625301956318 0.011919420550135729 1.9084288074328404 0.0939555059035988 0.10524456943701566 1.1479896138957317 0.05494665476848826 0.030985029410286025 10102.37579 1456.9313999999995 1444.6137610000005 1034.1573765819974 90.81535172449958 86.05049405124282 55.222206456749326 4.036548888220544 3.694431002307759
3046327742219111808 5926.43775 19.916164999999637 17.563830000000053 0.05839843881306852 0.009570312696200976 0.015820311935015742 1.4937526743042495 0.37900438240825407 0.47128637010645447 1.1220293037051932 0.03905698959328352 0.017048526469257252 5353.188271 1986.330605 4656.6110316 1529.4732526617013 1730.5075843970267 529.856095312498 78.45860508781904 59.65839694282771 21.914933468038768
3078836109158636928 5288.979687 6.356469000000288 13.158744000000297 0.17480875709822494 0.006844818801023028 0.009947162923640646 1.9622847717064362 0.060660744376771936 0.047306987123081345 1.108966732190438 0.013010339852194353 0.005994382383992747 9475.354866 520.3428970000004 1020.7157960000004 943.8196703810733 34.518140636770795 55.73507582673881 51.93767258973299 1.8211270802382984 2.135117298121095
3080104185367102592 7676.9203375 10.096927500000675 11.459522499999366 -0.258007812438975 0.006835937565735806 0.008398437519251734 1.4125520019899125 0.32126829339130536 0.1800221750145219 1.3684601025589462 0.10312590719420855 0.09951277261072833 1061.214218 305.10597299999995 785.9302751 1847.1285593272821 456.7626597328456 542.6353424744098 94.04777968567625 18.45353265572166 23.14653123323569
3087206553745290624 nan nan nan nan nan nan nan nan nan nan nan nan nan nan nan nan nan nan nan nan nan
3105507886130792448 6301.803518 7.211756000000605 11.663757999999689 -0.33535156214191797 0.011914062447705376 0.0029296874917572047 1.8676538472598445 0.08241478171351013 0.09839489121620448 1.1189882203006385 0.019959828062943163 0.00496268714493997 5423.876355 230.68006100000002 118.34494799999993 950.575549211344 104.32623778772063 62.89757411782398 56.066749788486305 4.606540229900681 3.0500087333498556
3107255598526406912 nan nan nan nan nan nan nan nan nan nan nan nan nan nan nan nan nan nan nan nan nan
3107267177757848576 5341.128874 23.749378000000434 3.5409890000000814 0.1615308477216639 0.004489000703607859 0.016411723173019255 1.9504673289164178 0.0969277549647165 0.014680493969875252 1.1219848368608918 0.052944973103413506 0.014002294002312565 9172.603267 263.78017100000034 1100.4533920000003 944.6875636684528 30.36081817972547 47.089977680579636 52.4632339483069 1.0469717416373072 2.3530148284852785
3125611120515388800 6199.125477 40.677238000000216 23.118365999999696 -0.33535156214191797 0.026367187552462035 0.0029296874917572047 1.9795116260344956 0.037490974942056665 0.08722712750967632 1.1189541601729425 0.017992378246835417 0.004984417575788047 5542.162069 290.465776 284.5322040000001 853.3254900398807 76.37642254049445 18.830982106923443 51.381286853715544 3.470933324384447 0.9820365199309862
3126717023056016256 5881.274351 2.4925469999998313 5.168611000000055 -0.06289060993191721 0.011718736659798695 0.017187514337562382 1.9208548701093302 0.09688508974734988 0.06733884297520665 1.1399958860791313 0.03195146347594391 0.0360165215424062 6722.344027 567.4831400000003 568.1562119999999 938.3178988833973 79.98034722792909 55.36847654405358 53.72086688141645 3.518264950245019 2.624123707012359
3211188618762023424 5872.37855 0.0 0.0 -0.196484352957336 0.0 0.0 2.0111365275453337 0.0 0.0 1.098942186918707 0.0 0.0 6651.672976 0.0 0.0 834.1966973116263 0.0 0.0 49.72342162172599 0.0 0.0
3222453935725951488 5729.094813 0.0 0.0 -0.10976561971790584 0.0 0.0 2.0214702591487086 0.0 0.0 1.126941260871751 0.0 0.0 7071.379385 0.0 0.0 857.2496438360438 0.0 0.0 49.96725828130776 0.0 0.0
3231856379348299008 6203.644345 17.04284600000028 15.063992999999755 -0.2035156242818932 0.007031250358463748 0.02011718755346617 1.8480951103366172 0.15203313549233077 0.10189485383345698 1.1330615620129707 0.0339290945653814 0.02906846362676574 5668.890841 78.057143 709.3345200000003 972.8696451314311 127.45204750879975 111.03274447738931 56.75343532932049 5.652030939105941 5.081414950919132
3291455819447952768 8768.998341 242.10536800000045 244.7856840000004 -0.6398437500404801 0.10039062504756391 0.09785156247147864 1.2831556248094917 0.30295382108801094 0.1352607121482492 1.4000183962596149 0.10117699678598124 0.0941164813232116 901.9290033 432.42479328354534 568.7887156957049 2125.107625021227 487.9735013025729 690.9879804961724 109.93109622509573 18.712480683890902 28.78531983697998
3326541506073371776 5779.599548 44.80836199999976 43.145150999999714 0.025000065678248248 0.05605463162389755 0.055859432070832084 1.9192892533227512 0.08194887662531558 0.15804497288313013 1.1309711050223719 0.03196263737368654 0.02210786246581864 7163.822061 790.9666699999998 693.4014200000001 953.4681417271066 160.99937763403784 66.07985099854147 54.10120766664076 6.993248301264174 2.9666090881741027
3342228616422593664 6332.724775 15.337796000000708 12.796617999999398 0.043554688355056534 0.011132813430386135 0.010864574259956156 1.3590886738901637 0.36945310564364453 0.18973396826492284 1.2006276939319291 0.07336560605298859 0.05399077974963573 3176.057016 802.0494555675209 1978.8243840000002 1882.8655172058154 697.3510905904807 656.678592472719 92.65236372678942 24.409571336001108 26.35167595966098
338382713564401920 5746.304038 4.084980999999971 1.0026150000003327 0.02148440151223128 0.009375060976815959 0.008398453160041295 1.904286891020664 0.05279637186056818 0.08976956986835516 1.1409629807450605 0.0 0.03795033130561554 7541.983143 532.4627299999993 626.9584370000002 976.5539655844901 63.32760770924972 67.67684720390514 54.9886584609996 3.1391067026435735 2.650760118305598
3385777286999240576 6480.669315 16.02168299999994 15.259509999999864 -0.2367187491393051 0.013085937303945722 0.003320312621245186 1.2309313704515261 0.387372638991931 0.12369106192883472 1.1307873430194562 0.025069649590266918 0.021577216831733192 3858.451452 690.3670065644997 2718.185948 2132.1926148159664 588.158706404145 864.1904159078344 104.10350624122975 19.81637484306954 34.096889108641705
3394923127797114496 6581.497051 9.895453999999518 7.658069000000069 -0.28359374968089807 0.003906250065915828 0.005664062525019109 1.6673904211022734 0.2982090917717697 0.036307645634557684 1.1500671233221054 0.03106869488713504 0.031855492433763954 4085.920664 268.70291799999995 434.196461 1204.2206863415709 50.54853792736685 294.058420908731 67.50864504799193 2.163002610266574 13.464976790523743
3402980516507429888 6187.995467 1.7163019999998141 4.2474959999999555 -0.2400390617605503 0.003320312737132347 0.0 1.8677957564830312 0.0973077922899519 0.09386362773684853 1.1299775064099342 0.0 0.025989975868483395 5915.52049 673.1452500000005 593.4346059999998 968.7680032971512 80.89050136146898 81.29930986934642 56.3347974155917 3.8258497045618256 3.7638932368141127
3445148131761842944 5786.761636 75.8438329999999 77.96946300000036 0.08105469762476836 0.060351584009549986 0.06796875740960913 1.8486419221633683 0.144282898953499 0.7154344208837282 1.1350084766980042 0.04095344527675815 0.026027892514202566 7015.698022 1104.3505060000007 2974.5887307853195 1035.505123344635 1659.96981138845 133.75022096913904 57.479281310974024 61.688028278429904 5.807459802813334
3515865416826633984 5410.710603 0.0 5.994562000000769 0.03269011409510038 6.057109674939554e-11 0.0 1.4553436869166134 0.0 0.002375496759203344 1.3039999984917803 0.0 0.0020000000000000018 10.367250369999999 0.031043110000002372 0.0 1969.2599821975227 4.507911108100188 0.0 87.98859041238384 0.14820307407768496 0.0
3537110837630877568 5736.504551 45.91373500000009 46.447901999999885 0.058398442047993465 0.052929709486680424 0.04921874841708151 1.9191127420532905 0.08516204702174512 0.16704565727497012 1.1350003212508168 0.02990966467246503 0.0259067674277913 7274.024467 1007.7614160000003 717.0185670000001 959.4786303350123 177.09401966159783 69.56403903632213 54.245503415323086 7.64571188973526 3.1522564434174143
3545873945303316224 6170.896214 26.94200599999931 0.0 -0.3001953120944736 0.0 0.008789062494982347 2.0139324378727492 0.012341285793980639 0.06920848502102062 1.1489200231260368 0.0 0.029972841988838983 5557.812785 75.80690500000037 36.59358249817433 848.4175302008437 35.8117124219242 17.038191390795305 50.73567795031681 1.9124755981001371 0.8442891219984148
3558354604869150208 5386.983797 27.810383 26.795938999999635 0.26328175067088 0.028713988951868663 0.029296415820268873 1.893331964549653 0.1281474965061511 0.11500010639705072 1.1449983042582073 0.049940668141370326 0.03098370318234389 9147.298567 1713.1730630000002 1289.4640680000002 1024.1947529031793 107.32044013101972 92.3185150684468 55.61883543323094 4.5744960103273655 4.305331278529856
3578596339057980160 nan nan nan nan nan nan nan nan nan nan nan nan nan nan nan nan nan nan nan nan nan
3578783977588991360 5726.366848 29.22169699999995 65.38653199999953 -0.08437492560109429 0.021484905080313324 0.08847654004578441 1.990845402209608 0.019070370390850577 0.03390812758444195 1.118924157156503 0.008022373435222052 0.011010344376853887 7336.119997 310.76590600000054 264.7406119999996 882.6288196559929 26.806282138362008 25.795443125314364 50.88477078270979 1.2645119138999235 0.9074707180348085
3579426053724051584 5569.270445 28.297708000000057 29.192557999999735 0.02187707688902831 0.03652141538853057 0.008791033922233155 1.9765113442260909 0.04394942258032963 0.08769504592326771 1.116958335930823 0.023976627620531765 0.01297057010708369 7710.561734 830.1614629999995 171.7512999999999 909.9457425658743 78.51773219368295 31.426017297372596 51.68571507210372 3.284638628258385 1.4447807402142132
3582057258065666816 5472.736703 35.259243000000424 0.0 0.01308660644580707 0.0 2.7009060975420607e-07 1.991614379705194 0.0 0.01855450260816549 1.1029554954502034 4.365290835250946e-06 0.0 8333.703016 0.0 19.942857000000004 884.3597245073507 13.825946525338395 0.0 50.54835526132121 0.7148044067346078 0.0
3582098107498270208 5457.628593 62.03080899999986 52.14716800000042 0.06289068997319988 0.04160160630978077 0.04101361308417157 1.973626854759399 0.037510467888219656 0.064161978726341 1.1149386692473984 0.025991693228093027 0.010967927203257899 8560.494625 602.7883900000015 810.8757479999995 920.226314890696 50.53857948520988 38.2394517782119 51.882539921099536 2.181605006921508 1.6852564410340989
3582392123779246336 4919.246724 10.467606697025076 0.0 0.03269011397395835 0.0 3.7564666655054424e-11 1.508339351955693 0.04031388731441621 0.0 1.304 0.026620174999999913 0.0 6.458640549 0.20921086626447583 0.26082183224517497 1922.7105781784064 0.0 64.22816841294502 83.39233175521737 0.0 2.410440288307427
3582706794559052160 4857.114146 11.555644672480412 0.992631000000074 0.03269011379224513 6.057101348266869e-11 0.0 1.6433874549250331 0.006746976310840536 0.04908580751117175 1.333 0.0030000000000001137 0.011576840000000033 4.290710113 0.81250894526808 0.08954288200000082 1667.5241635025193 93.15144672086672 15.442843990677375 74.22140859936208 3.151083774785505 0.5376111919124327
3583611726988838144 4574.296645 3.834092109184894 7.63919704754062 0.03269011342881869 0.0 0.0 4.5136804580249255 0.23706751338226972 0.11916847685432774 1.33 0.0 0.04400000000000004 0.10962287729999999 0.01858662280000002 0.030093361367667146 225.2163890658657 14.36436253974503 25.495635835890198 16.237102582380125 0.6983089951075421 1.342672609244195
3583630934082556416 5265.76147 0.0 0.0 0.14141448935194542 0.0 0.0 1.9315643659023332 0.0 0.0 1.1099426529586245 0.0 0.0 10147.35499 0.0 0.0 964.5735084156477 0.0 0.0 53.09118358435107 0.0 0.0
3584368019189709952 5269.284376 15.259304000000157 19.04884999999922 0.2851620754687989 0.01620595331194513 0.01660688019637724 1.94581413297906 0.054232118106477545 0.12096419020341975 1.1449743492031572 0.03797412648936693 0.030977325926298427 9598.154759 1770.7396910000007 1024.6674549999989 987.5979013159032 116.13522360665536 51.6267420072586 53.59465879388102 4.895031707111713 2.2607628310261063
3594882751966012160 5284.971196 0.0 4.129036100340272 0.03269011397395835 4.135116554726537e-11 0.0 1.5159931762107697 0.0 0.021839616359538683 1.3339999989945202 0.0 0.004096139999999915 9.49753202 0.0 0.3346982052277312 1878.5543935661883 50.63161841259284 0.0 83.70819156227058 1.7249417289142457 0.0
3595647565382917120 nan nan nan nan nan nan nan nan nan nan nan nan nan nan nan nan nan nan nan nan nan
3596003497911958528 5431.727671 4.390679000000091 22.301408999999694 0.042579505861794924 0.02031150178959113 0.029492403577565576 1.989654676869281 0.021482645778337472 0.04704268103314413 1.1119333386958925 0.0230006621084915 0.00898217736664808 8580.266054 635.5400250000002 251.04594899999938 900.9495490242015 40.292164750579786 30.598357372039345 50.897121700050825 1.7889951978098253 1.0831159221288829
3596508242468505216 nan nan nan nan nan nan nan nan nan nan nan nan nan nan nan nan nan nan nan nan nan
3596876269626641664 nan nan nan nan nan nan nan nan nan nan nan nan nan nan nan nan nan nan nan nan nan
3597570989175080576 6072.568198 12.098125999999866 3.5142249999998967 -0.18378906200363604 0.01093750042719177 0.0039062498263496837 1.9482486743502592 0.02478667678876434 0.09119431552189194 1.135981806344578 0.015005388366597927 0.027987814589512716 5819.201842 672.4711339999994 377.2049420000003 898.162835857645 78.62200688478686 40.87183027527624 52.78604674106345 3.3235483713460425 1.47380490211237
3597981377595128704 nan nan nan nan nan nan nan nan nan nan nan nan nan nan nan nan nan nan nan nan nan
3600851450836925312 5388.984648 45.07129900000018 29.305443237209147 0.04688638420418885 0.021083405292532137 0.014196270230230498 1.989654676869281 0.021482645778337472 0.04704268103314413 1.1149262485546227 0.020003677039867274 0.010955506510482271 8619.808911 615.8114530000003 270.6602349999994 901.5827974514488 39.658916323332505 27.682702435509782 50.897121700050825 1.7889951978098253 1.0664977938446825
3630680754621236096 4548.747926 7.06317399999989 6.678152999999838 0.03269011342881869 0.0 0.0 5.055823713027025 0.1864258052434984 0.18607524396505148 1.33 0.0 0.04400000000000004 0.044583909059999996 0.01947201469899265 0.014188711243743997 181.64550093296154 14.06643252843935 15.824346146722888 13.723783273906381 0.7995576225105232 0.798588582603811
363702817083391232 5673.199711 50.867615000000114 42.97015999999985 0.00136729010908845 0.046875036784774345 0.032226648759602586 1.971781450393094 0.04567455442640478 0.07968577356407103 1.1259554421597708 0.03296075762907846 0.01896819667186178 7416.318254 473.5228900000002 371.7529319999994 903.7733742187738 72.7805913657163 29.2752316566623 51.82850273374568 2.9606461961623083 1.4393312292508256
3643098875168270592 nan nan nan nan nan nan nan nan nan nan nan nan nan nan nan nan nan nan nan nan nan
3652176997218325888 nan nan nan nan nan nan nan nan nan nan nan nan nan nan nan nan nan nan nan nan nan
3668036348641580288 4964.059211 0.0 0.0 0.03269011391338725 0.0 0.0 1.5564561543504891 0.0 0.0 1.336 0.0 0.0 5.54363376 0.0 0.0 1841.611211033239 0.0 0.0 80.52556989479717 0.0 0.0
3675248118423392256 nan nan nan nan nan nan nan nan nan nan nan nan nan nan nan nan nan nan nan nan nan
3676684252407983488 5898.089758 0.0 0.0 -0.23671870823113866 0.0 0.0 1.9972593500002875 0.0 0.0 1.103912342768086 0.0 0.0 6847.737169 0.0 0.0 847.8006097699846 0.0 0.0 50.356033559666166 0.0 0.0
3682825883842696832 nan nan nan nan nan nan nan nan nan nan nan nan nan nan nan nan nan nan nan nan nan
3683121446312149504 nan nan nan nan nan nan nan nan nan nan nan nan nan nan nan nan nan nan nan nan nan
3693923185982895360 nan nan nan nan nan nan nan nan nan nan nan nan nan nan nan nan nan nan nan nan nan
3694743765254445312 nan nan nan nan nan nan nan nan nan nan nan nan nan nan nan nan nan nan nan nan nan
3694878833385971840 4678.903849 2.0006279999997787 11.915406509340755 0.03269011361053191 1.2114220737657888e-10 1.8171322085924757e-10 1.7799648817842497 1.8564136857421052 0.14074610212966632 1.316 0.014000000000000012 0.030000000000000027 3.675481586 0.9168499579999994 3.381105151082027 1445.6370755256462 200.19676462537836 1098.1012815911704 65.69685561731306 7.400390774993056 43.15792747098389
3695568295896473856 nan nan nan nan nan nan nan nan nan nan nan nan nan nan nan nan nan nan nan nan nan
3697828548204889344 nan nan nan nan nan nan nan nan nan nan nan nan nan nan nan nan nan nan nan nan nan
3700295641843380224 6006.174823 2.4210519999996905 1.293282999999974 -0.126171871986222 0.005078124153302471 0.0 1.9218869401933552 0.04371029377088398 0.0 1.1379653230104068 0.0189688230858176 0.0 6330.913833 0.0 146.36619999999948 935.416196119984 0.0 26.514682229307027 54.163743793625656 0.0 1.3619793686985417
3700937760929835648 nan nan nan nan nan nan nan nan nan nan nan nan nan nan nan nan nan nan nan nan nan
3701015375282968064 6087.787221 0.0 0.0 -0.3382812496336752 0.0 0.0 2.0057018193895684 0.0 0.0 1.1139370257905585 0.0 0.0 5951.34213 0.0 0.0 834.9912428234557 0.0 0.0 50.26511511989747 0.0 0.0
3788394461991295488 6011.40137 0.0 0.0 -0.17285156105477295 0.0 0.0 1.832488507680717 0.0 0.0 1.1079677723593586 0.0 0.0 7068.306589 0.0 0.0 1001.2453140417459 0.0 0.0 57.40339640843174 0.0 0.0
3794479262419500160 5755.588545 0.0 0.0 -0.1728514656468787 0.0 0.0 2.0097594290791765 0.0 0.0 1.107913812779649 0.0 0.0 7267.020875 0.0 0.0 850.6613629600413 0.0 0.0 49.977300064674985 0.0 0.0
3803004978659671040 nan nan nan nan nan nan nan nan nan nan nan nan nan nan nan nan nan nan nan nan nan
3803494845449564672 nan nan nan nan nan nan nan nan nan nan nan nan nan nan nan nan nan nan nan nan nan
3810535361999701376 5327.645533 14.043002999999771 22.39397899999949 0.16601984842527176 0.02461552778137041 0.034163078201438324 1.9656932831829397 0.03693241774357725 0.05295033126865545 1.121980932582575 0.030958141873209 0.013014200392136965 9172.603267 778.1980923912888 731.4910630000013 944.7334831537999 35.60532218861124 40.57987533776918 52.306248551035274 1.5705716408730765 1.8110721055419745
3811032513054107648 nan nan nan nan nan nan nan nan nan nan nan nan nan nan nan nan nan nan nan nan nan
3811688440459523200 5267.78303 0.0 0.0 0.032690114034529275 0.0 0.0 1.4830137295329457 0.0 0.0 1.3389999994972601 0.0 0.0 8.146305604 0.0 0.0 1973.6041281872492 0.0 0.0 86.67791293698058 0.0 0.0
382111248777193216 5549.178664 8.943937000000005 7.993314999999711 0.15156253350439475 0.0027346795821252545 0.010156038457438316 1.9218405985265445 0.08223394410991669 0.11500537161326685 1.1180037398823588 0.06296153938967364 0.008021693730832835 8136.63916 1143.8585630000007 1019.540215 988.2643833032711 90.505147130213 105.3036777027894 54.71503007042639 4.127870540172353 4.155066750571251
3856449627544923392 nan nan nan nan nan nan nan nan nan nan nan nan nan nan nan nan nan nan nan nan nan
385697172809355392 5102.053685 0.0 0.0 0.03269011397395835 0.0 0.0 1.495383511045164 0.0 0.0 1.3279999994972602 0.0 0.0 7.715502653 0.0 0.0 1956.1589376878062 0.0 0.0 85.25229334138955 0.0 0.0
3857872051994269824 nan nan nan nan nan nan nan nan nan nan nan nan nan nan nan nan nan nan nan nan nan
3859431674878660864 nan nan nan nan nan nan nan nan nan nan nan nan nan nan nan nan nan nan nan nan nan
3860369901894562304 nan nan nan nan nan nan nan nan nan nan nan nan nan nan nan nan nan nan nan nan nan
3864142669886768896 nan nan nan nan nan nan nan nan nan nan nan nan nan nan nan nan nan nan nan nan nan
3877070590167177344 5625.986441 0.9305009999998219 4.068035000000236 0.21074224052545704 0.007617141210696787 0.008593772481447354 1.8047597827774806 0.045527541020376594 0.8124679120872801 1.1320420908953799 0.01615159120611076 0.013970734503041538 7767.653234 691.291972 7257.0655674 1101.64981692958 2463.1251161261494 21.939169965050723 59.679303555456045 85.09327952482937 1.3419281410372506
3882879683758393344 5102.053685 32.28388293646003 0.0 0.03269011397395835 0.0 6.348275377598966e-11 1.495383511045164 0.0018904203715701673 0.0 1.3279999994972602 9.61399999999113e-05 0.0005768399999999119 7.715502653 1.3815148984841095 0.0 1956.1589376878062 0.0 27.61002814929293 85.25229334138955 0.0 0.5230574564617854
3892632287473304064 nan nan nan nan nan nan nan nan nan nan nan nan nan nan nan nan nan nan nan nan nan
3896271842760486272 nan nan nan nan nan nan nan nan nan nan nan nan nan nan nan nan nan nan nan nan nan
3962403923821595264 4760.52129 0.0 0.0 0.43680200100561284 0.0 0.0 2.027346043467509 0.0 0.0 1.1519372882208034 0.0 0.0 13495.79179 0.0 0.0 955.7175547777206 0.0 0.0 50.298902243790934 0.0 0.0
3997075206232885888 nan nan nan nan nan nan nan nan nan nan nan nan nan nan nan nan nan nan nan nan nan
404433018447476096 5308.959731 0.0 0.0 0.04258430863797302 0.0 0.0 2.001177530668231 0.0 0.0 1.111921560504751 0.0 0.0 9275.248936 0.0 0.0 896.5653492604758 0.0 0.0 50.39002374942393 0.0 0.0
4056326681029056896 nan nan nan nan nan nan nan nan nan nan nan nan nan nan nan nan nan nan nan nan nan
4056443366649948160 5689.071794 6.240360999999211 28.09147800000028 -0.09238142249118504 0.008006632208858569 0.0 1.9996886304686647 0.0 0.008843228259056701 1.1139224191845558 0.005006663315067161 0.0 7355.905711 310.69447799999944 0.0 868.9468899991133 13.855510242319838 0.0 50.491679954307834 0.45078259325381254 0.0
4224062406762625152 5809.354062 12.892346999999972 13.230504741490222 0.16953125292190357 0.007421875625580832 0.017968749732243994 1.467761590089546 0.3679278714263532 0.4273830794182094 1.1169214061635915 0.058119768739631095 0.007133361821929363 5712.133197 2563.418059999999 4284.132122 1589.9830586371952 1589.9195491628582 519.4411453655127 80.12254758193882 54.377829260864615 21.31137307990636
4255957040079935488 nan nan nan nan nan nan nan nan nan nan nan nan nan nan nan nan nan nan nan nan nan
4256135160951556480 nan nan nan nan nan nan nan nan nan nan nan nan nan nan nan nan nan nan nan nan nan
4263752921128319616 4773.0329805 34.14136757174947 34.822448500000064 0.03269011361053191 1.8171322085924757e-10 1.8171322085924757e-10 1.8265009539789623 0.6914844868786556 0.17877508166692557 1.319 0.017000000000000126 0.014999999999999902 2.869910317 1.9035805200000007 1.8726565551787626 1348.1499102890084 324.0452741420643 625.7836262269384 62.957168021599955 10.91594276521974 23.574513011851067
427224073427887360 nan nan nan nan nan nan nan nan nan nan nan nan nan nan nan nan nan nan nan nan nan
4285511294172309504 6250.289269 17.844970000000103 14.71412700000019 -0.2367187491393051 0.013085937303945722 0.013281250462888722 1.8554379475146223 0.0866155141278031 0.14206644208262165 1.1300074591523805 0.025001274445729083 0.025987057965914273 5442.96938 413.8796820000007 392.76013799999964 987.6437609860221 129.4528997267763 91.38600781109199 57.44754071231797 5.847421549829718 4.1518235312793905
4287832775526476800 nan nan nan nan nan nan nan nan nan nan nan nan nan nan nan nan nan nan nan nan nan
4334991786994866304 nan nan nan nan nan nan nan nan nan nan nan nan nan nan nan nan nan nan nan nan nan
4439085988769170432 5907.996437 6.0631090000006225 19.273161000000073 -0.17285155641769473 0.022070326208099594 0.023632807022688107 1.92810365085664 0.06001006746148141 0.017879521155759637 1.1079355039967824 0.004033291438338971 0.008987430998944168 7147.792303 39.742857000000186 516.1193270000003 913.7489749613434 15.193573541189153 62.692529240096064 53.18603177321339 0.748601091420042 2.5962662018660794
4453211899986180352 6049.603989 2.7218889999994644 0.0 -0.24003906141175146 0.0033203142425279886 0.0 1.9584569983379054 0.03325725656642353 0.06417371331458432 1.1039417515459253 0.02599213765019348 0.0 6068.51333 679.5809820000004 16.09283999999934 868.883046054484 61.74595447776062 7.4499180637353675 51.79104485188108 2.7271670490623308 0.6320640248502514
4534144923690481408 5549.744953 0.0 0.0 -0.022656187135384805 0.0 0.0 2.0010576628881336 0.0 0.0 1.106959439947715 0.0 0.0 7929.612573 0.0 0.0 873.0914580065895 0.0 0.0 50.281979120491044 0.0 0.0
4558177980124887936 6555.566336 8.968957000000046 6.666337999999996 -0.27031249967820364 0.008203125356598395 0.0 1.27354337563335 0.4089489724057811 0.07835489483945546 1.1226039641043688 0.021204440199084962 0.00011962193957071321 3332.06255 717.4941100000001 786.8571420000003 2011.0250095993129 274.44041286526135 790.3186007381803 99.72710897805199 9.972693301341678 32.057581982954545
4583004815239650176 5794.64544 34.84225199999946 0.0 -0.17285151248137615 0.0 2.2953539041692395e-08 1.9876464799829765 0.0 0.020913221702697937 1.1079192207531043 5.424061133130209e-06 0.0 7247.149446 0.0 19.87142800000038 866.762523226403 15.886113209541918 0.0 50.81375001689994 0.8127677879198458 0.0
4596481632339898240 5138.245333 27.113830000000235 28.510279000000082 0.39338089525501435 0.020508030147057932 0.022672705377243474 1.9089042541566739 0.11784070703192495 0.09221654819211267 1.1520229727012217 0.04591127595394906 0.038045118897994 10691.30567 1772.336207944585 1750.6357520000001 1025.664560427151 106.2791494400717 82.42874410410877 54.598418436821746 4.125052843591561 3.742879097258765
4606030169272920320 5755.832497 0.0 0.0 -0.022656247262892292 0.0 0.0 1.851812805891521 0.0 0.0 1.1070056226434066 0.0 0.0 7730.75543 0.0 0.0 1001.1181553112006 0.0 0.0 56.482668040564995 0.0 0.0
4608935250790855296 6125.982975 10.499324000000342 10.923659999999472 0.03828125118547632 0.010156250054881535 0.016796874711781616 1.4263711293040482 0.32881427330814317 0.34677355530058596 1.1433000392137147 0.03480241465989642 0.026111713337690468 4590.859746 1593.1233970000003 3533.102096 1681.4652376800125 1248.242539839576 511.0052846354522 84.72943052393313 43.754189123368775 21.16912116272114
4613145315172329984 6235.188814 0.0 0.0 -0.3001953120944736 0.0 0.0 1.9530590776813495 0.0 0.0 1.1489405645769444 0.0 0.0 5499.955642 0.0 0.0 897.4820018469081 0.0 0.0 53.126551383634265 0.0 0.0
4624979393181971328 5630.229551 12.598199999999451 18.100321000000804 -0.03085928246150321 0.008203049374054062 3.636427164596667e-08 1.9841108412843562 0.0180744218614306 0.0343463914146207 1.1259410698305767 4.782062239083729e-06 0.018967723090845157 7645.110317 224.8451130000003 200.778824488415 895.8205031590148 17.227410605268346 13.701741672754224 51.36245473115336 0.9170271878099854 0.6940356088680133
4668163021600295552 6140.192725 4.735854000000472 1.8249399999995148 -0.16406249929748065 0.004492187623498539 0.008789062452854046 1.899568344289354 0.04467179097868024 0.19306035732155502 1.1180080463526219 0.054979173495550704 0.012951048212759497 5558.797145 1271.052302 196.4573879999998 961.3214660240046 181.51637832955248 67.25613791384387 55.59884396700437 8.27868494800044 2.6467762235466026
4684513614202233728 5857.557888 11.235703999999714 11.692825000000084 0.3593750169772096 0.006249989214027807 0.007031257581600003 1.2557746345117526 0.21139967836459106 0.14314557474536604 1.1769368543562415 0.07874031823437733 0.04711162183902262 4619.667405 1787.4573970339197 2326.75775 2339.8311183894334 525.4922820698102 631.9374882902621 105.36030392995393 18.536638714948722 22.052646761247004
4698692748651744128 5235.63314 0.0 0.0 0.03269011397395835 0.0 0.0 1.4557494234430086 0.0 0.0 1.2859999984917803 0.0 0.0 10.54531698 0.0 0.0 1973.1807076641512 0.0 0.0 87.34266883443647 0.0 0.0
470650560779277952 6727.203739 30.91602200000034 26.609697999999298 -0.5777343748118634 0.016406250010058687 0.003710937543847992 1.7841906016897002 0.19045469786113167 0.7348816292551632 1.1110335372781661 0.04390512241717359 0.006125307928208867 4153.628841 323.34521399999994 3789.8747465999995 1011.6567004101962 1864.8594393274998 168.47675968345266 60.00691720275508 72.29076043913122 8.019321926827622
4707634458245031552 5651.650361 14.36837000000014 14.722034000000349 0.19492188165233815 0.023437501684542644 0.017968721912166807 1.692619020917085 0.26712796545834117 0.6709121949711578 1.11892432808808 0.05605524659393679 0.01711449198129822 6867.705002 2044.0967200000005 4516.372976999999 1215.5361294911295 2109.3965672689246 246.3604735258832 64.89392848901801 72.99590971710819 10.927701030545656
4727755005637190016 6386.772973 14.439886999999544 15.4394199999997 -0.45253906210530004 0.0 0.0 1.8495358141099743 0.017559839714280878 0.016747019444779854 1.101977783419637 6.884017897723638e-06 6.947865868855985e-06 5485.188284 19.957142000000204 19.957142999999633 948.397409617597 16.32712940291492 16.63423157852708 56.458354429133124 0.7757720189430515 0.7947772553565358
4745660479479743488 5937.961465 5.119396000000052 6.358267999999953 0.025000004763472042 0.009960934170447217 0.00898437234790751 1.8230970096677537 0.15444215451152243 0.09284945104872988 1.1410317113267308 0.03995557940777239 0.033944664421095005 6737.981849 532.4012940000002 991.1065760000001 1057.4064673903083 95.91246231015202 113.71013957189552 58.95178725510877 4.178928453080147 5.66281605273371
4746157737910069888 5947.442427 0.0 0.0 -0.1859374992846478 0.0 0.0 2.028634228506358 0.0 0.0 1.1509340113619224 0.0 0.0 6114.747901 0.0 0.0 853.2210341638258 0.0 0.0 50.22911232451348 0.0 0.0
4747624104168195072 5954.819967 0.6207329999997455 2.5523940000002767 0.021484376945008283 0.003515627166017346 0.007812499916687728 1.8128777512264416 0.149931759232101 0.09199675345215286 1.1530029596299833 0.059004378864813356 0.011962402594137833 6858.372877 353.8102660000004 1016.950578 1069.6527608107826 105.04516279331688 135.1154563835605 59.51115057580455 4.500672523995462 6.049505104930645
4756649415309914240 6147.779502 3.2710849999994025 2.694592000000739 -0.03085937372408899 0.005078124810736672 0.0 1.3535257841750203 0.3964823925821126 0.2145797854230289 1.1267190111105525 0.027312359861243918 0.0003717403134582131 5281.335073 363.7660599999999 2480.953324 1844.489320772343 762.0256464334179 710.7301426660697 91.17489036869085 26.963415240806015 28.316395345607162
4837286842168217088 6452.335112 7.373590000000149 7.734902000000147 -0.01718749908353305 0.014453124801769024 0.012695312373242274 1.4582300074190375 0.30711536603461065 0.2663304041075012 1.2258611819415817 0.05235443768538528 0.09086421849077486 2950.9955735 860.3483345 2568.9564487 1688.830420274805 859.1862892212202 515.3691831388603 84.73168807358105 30.746632426074882 20.253758189485723
4864759888238232320 5993.386156 0.5642700000007608 12.419969999999921 -0.1330078115450367 0.002539062649394991 0.0 1.8684120513351392 0.11606054998648463 0.0132687186919489 1.1190099230807904 0.005973507616509943 5.3506611030762485e-06 6499.011769 19.714286000000357 295.2927069999996 975.1796239107967 12.932379911985095 81.49303243897839 56.03286840256997 0.6023629123718521 3.982780705480856
4895489043507741440 5013.645111 0.0 0.0 0.03269011391338725 0.0 0.0 1.5005008008534768 0.0 0.0 1.319 0.0 0.0 6.6685140789999995 0.0 0.0 1946.6115155808895 0.0 0.0 84.52865621740514 0.0 0.0
4911563216311083392 5691.948203 14.259305000000495 15.157674000000043 0.33496094822656974 0.011132809027649737 0.013085942466869449 1.1274343351909684 0.4415731787412942 0.0857409162512941 1.1488633975164648 0.04387600807145309 0.028912633854507153 4993.099005 3482.828571 3875.66815 2814.2789358912296 536.8705044428707 1355.191863747003 121.00624482206884 16.230771382101878 46.95024356298286
4917441922731087488 5075.315466 0.0 0.0 0.1949440708443162 0.0 0.0 1.9343357013866125 0.0 0.0 1.1009410607812578 0.0 0.0 11717.93201 0.0 0.0 971.7456464310543 0.0 0.0 52.761869770679866 0.0 0.0
4968289907406396160 5744.499046 73.75884599999972 75.41167304167539 0.260546878167899 0.05351567003565433 0.0755859344741952 1.2509719249095625 0.54085392899866 0.20398945382367994 1.1431187122316624 0.05188258885928332 0.0330316658287666 6021.032406 2256.67444354733 4581.610287 2255.3396775511037 966.5348101343902 1123.5847101465754 103.20019927394027 31.46210786870303 42.23286484499438
497750842338402560 6162.631534 5.455036000000291 0.0 -0.27031249961953324 0.00820312541370799 0.0 1.9501079398080252 0.013243222220305162 0.0 1.121970724950983 0.020960340354934326 0.0 5653.291119 111.70007199999964 0.0 884.2292426227679 4.015385845178685 0.0 52.61852879806199 0.0 0.04719964162929102
4990044668377961984 5617.086098 0.0 0.0 0.021876080985025897 0.0 0.0 1.971781450393094 0.0 0.0 1.1089649876828718 0.0 0.0 7518.953291 0.0 0.0 895.4235067281527 0.0 0.0 51.45252196171768 0.0 0.0
4994237247949280000 6454.731523 8.086685999999645 7.532481000000189 -0.06874999944645313 0.007421875284502839 0.008984374550280658 1.403108486890158 0.327850573321141 0.30070662249751257 1.1508843592579558 0.09718089638529981 0.0266858388215776 3326.421274 786.5093040000006 2406.8049777999995 1693.8073643191228 1036.873928681537 509.4965503715016 86.69941553503459 37.74178934206313 20.572349926561586
5019835424832215424 5122.770337 0.0 0.0 0.284185567939399 0.0 0.0 1.8990172003772783 0.0 0.0 1.135952738424413 0.0 0.0 11563.60874 0.0 0.0 1035.4610656785549 0.0 0.0 55.09633345725201 0.0 0.0
5057924844082070016 5898.089758 0.0 0.0 -0.23671870823113866 0.0 0.0 1.9972593500002875 0.0 0.0 1.103912342768086 0.0 0.0 6847.737169 0.0 0.0 847.8006097699846 0.0 0.0 50.356033559666166 0.0 0.0
5065640460769428224 5998.668078 21.399491000000125 2.07412099999965 -0.2533203120720343 0.016601568611199657 0.0 1.9784567194050966 0.021103149065143878 0.0462748192687934 1.1009742873661454 0.002955733748931655 6.278719018482093e-06 6108.456187 679.4952680000006 19.97142900000017 852.9177164539667 45.341867535234655 16.28025903436219 51.00757435455448 1.914233580792228 0.8055018924043438
5086537022856406272 5925.106221 5.768025999999736 4.508953999999903 0.071679706000912 0.009374984054524749 0.003710954491642507 1.0474884508876965 0.8943254871513129 0.05046538156282887 1.1359167528027752 0.019127515961992803 0.012822919410788947 974.6430206 5617.7121444 440.84571629999994 3163.1900187558244 291.78624452854 2177.692945317443 134.48902510060813 9.57415784909145 79.55035897923621
5089851638095503616 6194.89871 21.656780999999683 11.66621419375042 -0.3636718747235749 0.0253906250898997 0.0 2.007529085215411 0.022272628064666122 0.08112975983022497 1.13693567342014 7.164044039997819e-06 0.02296593082298548 5352.458703 480.16914199999974 19.457143000000542 835.9367043347395 63.403150462597296 11.048089428003777 50.5232373995699 2.878068730972082 0.6435826149008079
5175239363214344960 4757.421108 0.8682450000005701 1.5396604777588436 0.03269011367110301 1.2114211717095813e-10 2.42284324547537e-10 1.7801197901390062 1.2272935498582043 0.11653525049316471 1.311 0.016999999999999904 0.008999999999999897 3.238055745 0.846175471 2.69300905033182 1429.5441460408897 175.1030412425439 934.1485954519801 65.63887207586573 6.301734117519018 35.90301488153894
5227928170880093568 nan nan nan nan nan nan nan nan nan nan nan nan nan nan nan nan nan nan nan nan nan
5241964708164136192 nan nan nan nan nan nan nan nan nan nan nan nan nan nan nan nan nan nan nan nan nan
5242077854771196544 4635.077094 7.497816791859805 3.8434919999999693 0.03269011348938979 6.057110368828944e-11 6.057110368828944e-11 2.204167939117882 0.8766111748534886 0.3084872136625314 1.304 0.026000000000000023 0.018000000000000016 1.6164088079999999 1.0558589850000002 1.0610106154650238 914.8017034830743 322.2614879263367 438.31597390350817 46.88019147426478 11.89696975946078 18.209677256384577
5253607539857229568 6087.787221 0.0 0.0 -0.3382812496336752 0.0 0.0 2.0057018193895684 0.0 0.0 1.1139370257905585 0.0 0.0 5951.34213 0.0 0.0 834.9912428234557 0.0 0.0 50.26511511989747 0.0 0.0
5284358990266469760 4633.7643205 13.510753499999737 55.387144071575676 0.03269011342881869 1.2114220737657888e-10 0.0 2.3979573462850174 2.2511037816962567 0.5099883682143123 1.316 0.014000000000000012 0.030000000000000027 1.270839807 1.6593978509999998 1.18020219032 788.1945358568562 499.599749441433 573.8427570902154 41.79282016695192 18.348014859432794 26.229084361803594
5288681857665822080 6041.544357 10.781520999999884 16.717102999999952 -0.24003906141175146 0.0033203142425279886 0.01328125066028285 1.9584569983379054 0.03325725656642353 0.04571652231174905 1.1039358961339298 0.025997993062188973 0.002955368759740562 6068.51333 679.5809820000004 16.09283999999934 868.883046054484 45.69705185359817 15.965329600517293 51.79104485188108 1.9398124293426733 0.7834704973266042
5305241494923209856 nan nan nan nan nan nan nan nan nan nan nan nan nan nan nan nan nan nan nan nan nan
5337273743301313536 6682.025239 17.8403100000005 19.845714000000044 -0.44453124971882396 0.01542968748938589 0.008007812386476076 1.2486394861022447 0.46655188049598273 0.1798158927000122 1.103878827610477 0.024192856568297394 0.0014020059323309741 3329.816856 949.6321929999999 2661.7678081 2034.5253082501483 756.9825500980553 921.9459199334658 101.80565008418945 27.030758091017375 37.83954657730759
5337294049909975680 nan nan nan nan nan nan nan nan nan nan nan nan nan nan nan nan nan nan nan nan nan
5351820556994135296 6569.866425 7.712046999999984 7.979293999999754 -0.16484374961341236 0.008984375307957593 0.010546874763994796 1.502155841485648 0.2522736028916992 0.36179077422545824 1.2023206741742496 0.046902518224322565 0.05287508672263819 3357.028936 361.13473999999997 2888.7647879 1530.254977476402 1131.4156315583723 398.74353638698926 80.05373579283729 41.34038039812677 15.969455533901254
5357465071731312768 nan nan nan nan nan nan nan nan nan nan nan nan nan nan nan nan nan nan nan nan nan
5376137837173646208 5860.671405 11.307036999999582 0.0 -0.1728515354349152 0.02656259187992946 1.1418805595519999e-08 1.9667332582802786 0.03307946134336337 0.01981523001892138 1.1079300749082501 0.010000313709717767 0.0 7187.53516 19.871428999999807 560.5663620000005 882.6486364359449 15.663117156388466 36.96710474583631 51.626517804819784 0.7902925415852451 1.457200907209014
