# starid Teff Teff_errp Teff_errm FeH FeH_errp FeH_errm radPhot radPhot_errp radPhot_errm massfin massfin_errp massfin_errm age age_errp age_errm numax numax_errp numax_errm dnuscal dnuscal_errp dnuscal_errm 
1076970406751899008 6453.3613295 87.69837850000022 94.02391286609964 0.0031250005115145527 0.11152343803343992 0.10117187450926059 1.4271625958292355 0.08141785043566019 0.07004257995594587 1.1984625943894223 0.0869806186214872 0.062120752853048966 3226.921741 1093.699047 1028.5643108952054 1729.337579088111 213.50993559590506 191.78104487371365 87.03307700993867 7.544457842571433 7.228081215667913
1750321012752775040 6182.730383 95.39425399999982 96.83353299999999 -0.07343749879666123 0.106249999634356 0.11035156326565237 1.8444710528131956 0.0932151276477049 0.0914006826664826 1.156991872706249 0.06711953898748191 0.037001384545774396 5296.879629 517.9611299999997 661.7825579999999 1022.7116572319163 119.7063395398776 96.49168169570987 58.28291252546454 4.9196573338508784 4.26462573831369
181908842994567936 6577.653035 102.35733399999936 96.09106400000019 0.09589843809118635 0.12988281216383224 0.1208984375626658 1.8060385085433956 0.09201231186413383 0.08722611098650201 1.4021978522950076 0.09812217375731747 0.11587517671308611 2223.042552 968.18444 408.229971 1236.4719597422234 152.51400644142177 137.75237924356406 65.65772932318978 5.661083443913853 5.081881551796805
1835842749465226368 6762.119688 94.31000899999981 93.79602199999954 -0.2884765623761946 0.11777343761796027 0.12871093729727995 1.9255268120567988 0.08230811004330629 0.08696903845822046 1.2229899054848927 0.10423888506940826 0.06888397949098102 3245.613863 394.39799200000016 582.1708239999998 949.4593844383064 115.9742200207852 87.99811569759822 56.248436999240624 4.478770341529788 3.823178857172053
2033123654092592384 8849.731481 104.39039400000001 97.25873800000045 -1.0728515626610287 0.04785156272607938 0.02011718736509649 1.5976097313043127 0.06627584154315991 0.0653530153499311 1.2608944562867628 0.05789821527323946 0.06793931526821173 2142.312274 110.13968300000033 119.48981999999978 1234.0286969797949 109.34396873120818 93.11715408623013 75.236153446983 4.913572949580356 4.5142540133917635
2052168466766597120 6204.143892 90.53979299999992 91.59757999999965 0.06601562554914839 0.12968750042136248 0.12382812475638741 2.0144265012048748 0.07551872045156927 0.10117366155385699 1.2730542662510684 0.12397971645467787 0.08994715750842097 4093.256852 658.4666510000002 710.9560820000002 939.633353395576 113.15648507835931 65.05881164448499 53.38138438811777 4.371465703019673 2.56515911247093
2053552270863859712 6673.781406 88.59767300000021 99.39846300000045 -0.17929687466567057 0.1003906255927183 0.11562500005237436 1.3827444042340276 0.10302656392735976 0.08337227192210594 1.1704804680508774 0.06831877479974113 0.048151956663817996 2848.870972 892.4870859999996 911.6381370000001 1769.732513524074 247.07541532906885 231.99489344919584 90.18297475547975 9.174799490932443 9.129341786841238
2054523105274216704 8693.930598 112.91249067004537 109.43289100000038 -0.21035156245288916 0.060351562450137675 0.08613281254929483 1.5065433812407623 0.07629435894339087 0.06672298808928168 1.5676891031119602 0.024085223970639946 0.0353300415012745 635.6599792000001 148.66302999999994 160.8311065000001 1738.1911223506313 160.23138513016647 161.0757838830648 91.46578810287097 6.408382568127919 6.421687812989447
2073153024144692736 6445.323917 102.44144500000039 91.54641899999933 -0.02441406119669912 0.10683593691927519 0.09863281283338567 1.5412020652530236 0.07919723856519267 0.07643282312102073 1.2062730870745564 0.09005311824443196 0.06800298250465042 3501.424498 1109.5271260000004 826.0181459999999 1495.3090739458005 175.7513923970514 151.79558945546592 77.83906360552376 6.538736413733517 5.821704826674534
2079005651508492032 6682.101831 97.99183100000027 96.922732 -0.23378906225268994 0.1062500002125551 0.11660156245001937 1.6884938994231555 0.10786015229006019 0.11675248529715687 1.1911809506812125 0.095151605248605 0.059051985319994005 3486.5799184999996 612.6897075000006 915.3965952818148 1226.7243547076746 175.40810284178542 158.76698165751372 67.9506927735514 7.28812145775737 6.379741088805979
2080386917291928832 6418.76515 97.68641399999979 99.68634800000018 -0.13281249933321707 0.1171874996906033 0.10390624969020087 1.766203434036704 0.08970710904835033 0.084509666315844 1.178045066110301 0.0821338243426677 0.051975095269217064 4285.199714 709.3617189999995 809.1040370000005 1117.5389893458148 139.1007628520765 115.47429083362101 62.8454745427416 5.310546932774031 4.862604653269244
2080605823183999616 6065.561469 34.649075999999695 69.54360600000018 0.1527343755986513 0.12812500012142355 0.12421875001301497 2.1061575093313087 0.04613042121729727 0.038169375478067646 1.3209932552410637 0.09301495802121562 0.0759965129958271 4343.295139 344.10841600000003 443.972076 895.8679075231165 40.1135721042923 25.63285198450683 50.6067581402722 1.1003285841454584 0.5784821559107982
2082161219824397568 6794.07739 103.24841599999945 98.08794300000045 -0.3714843746960247 0.11113281253391982 0.11464843757530507 1.542463267856013 0.11664804790167782 0.10217666870833964 1.1472991925996683 0.06098512945553258 0.031118842189935325 3592.545099 534.0387300000002 723.8054742108598 1390.937620791985 200.65549536777576 187.77235781155764 76.03961508836419 8.153111086807073 7.841510767861806
2105274977158196480 6725.004344 100.74132699999973 96.46849950134037 -0.15800781232441727 0.10957031260299377 0.10527343735797492 1.5996648248474497 0.0914470354670689 0.10345556476878048 1.2332971967221356 0.09204359609873825 0.07890007724636994 2761.940165 820.918911529006 638.2559110000002 1391.5907150503292 199.8942563700707 156.74087672704627 74.47929283738081 7.835724508430417 6.148561117834788
2107315365800640896 6257.318474 92.78589290471064 93.0605029999997 -0.03281249942800437 0.11796875014297697 0.11972656257007178 1.9470422942654866 0.07713181731913932 0.08384471350437384 1.2170071082399074 0.09407613946005733 0.06995673826240756 4367.8233175000005 590.4544244999997 608.0122545000004 954.5378343854481 116.63758094094396 76.36432424680675 54.98090640098023 4.395384949208378 3.3003271485764714
2107342716152550272 6183.501296 70.67946699999993 74.68779200000063 0.0269531255353491 0.13144531300392662 0.1380859376431103 2.0694779125473755 0.05114423126692991 0.044038479787436025 1.2681134643808758 0.1039084379870292 0.07213384344678486 4190.549733 457.9338910000006 403.4931529999999 883.8073494913434 50.74618729492977 31.17320430973541 50.93592148366753 1.7123194081247561 0.8583883143096287
2127956360152391168 5437.556492 19.168695000000298 35.291143999999804 0.26406409868922504 0.07773291457868492 0.04706902487451606 2.0724304479603397 0.024936951120619888 0.03459741225118895 1.2369169684782062 0.04007363330149327 0.042984116937308414 7205.646736 425.3752140000006 430.78490599999986 913.4292888092074 22.24845205963436 16.35158971333965 50.17154514905212 0.6998714906919403 0.26038165963979765
2132178725317511936 6306.284555 73.9003990000001 76.10138199999983 -0.10273437452037977 0.1304687500942793 0.11210937514499965 2.032421382644053 0.04869973889588586 0.05436789224566807 1.2240641546428033 0.08092938716002207 0.06500105977577797 4157.303151 461.81929200000013 437.93596000000025 876.8930425976625 56.54070127096384 33.85040874207334 51.49608898474804 2.292241905187531 1.2626289227091263
2135002576119495936 6333.113062 103.86631099999977 102.39209100000062 0.08125000146488823 0.11484374991532739 0.10175781309198104 1.5022587676921042 0.07697980589914133 0.07152718459025631 1.2202454919310242 0.09018020727112508 0.0749960992408627 3622.314149 1261.985361 952.8718359999998 1602.4122059905794 191.08173227996622 169.09943981912215 81.2503345799305 6.7883945203191445 6.264813862091103
2188906825165621120 7423.480564 101.1022409999996 102.74257800000032 -0.2205078124401776 0.1126953124571758 0.10937500000936018 1.8739689133697959 0.08983928725478352 0.08550838380004255 1.454298992006435 0.08372427379216707 0.11113048061937558 1538.038436 589.8401378990159 209.81166000000007 1121.1712607821726 126.0542565070507 116.27850050188079 63.31060115334466 4.924176066278079 4.644635412321868
2441013811932929280 6472.973476 93.75767999999971 90.68873900000017 -0.2738281247931656 0.1246093751164046 0.10976562496475634 1.9185844749449323 0.08939992782254125 0.10320947710162942 1.165004807701976 0.06897030616861888 0.041885094766477504 4206.282018 471.7935610000004 512.3188809999997 931.7660600673277 109.58115282557958 79.77476434961147 55.12139957721861 4.808701763396279 3.6361755086953167
2507901914613201024 6178.190838 93.02400399999988 88.15780829379491 0.0031250005115145527 0.12343750012230291 0.11347656239783042 1.9659031484900245 0.0717572766955954 0.0819214315291843 1.2220295626162585 0.08897465084711675 0.07605392690161361 4577.0735 618.0721819999999 594.4680643249358 943.5004951314119 104.61930936952137 68.92595338032083 54.17719707034558 4.0524985486276535 2.9268009885789255
2562569564026683520 6322.557077 98.06383352230932 98.36812800000007 0.032690114155671475 0.11613801113728958 0.10925261337647446 1.8106576272307435 0.09450749701654071 0.08425154318692218 1.2471779307224373 0.11791999044794133 0.08106099944698619 4010.6212 753.3008439999999 1167.1368585774499 1133.9912803027048 143.355384667708 129.20972816155643 62.26877573536501 5.204768674982688 5.030792793362544
2881784280929695360 6521.401474 101.38302999999996 102.21117500000037 -0.017382811860705408 0.10937500064204522 0.100976562582119 1.529775118330774 0.07714171224486277 0.07266561851193654 1.2314776602483535 0.08619549293650386 0.0789809934141068 3003.658703 1089.723081 725.1860160000001 1533.7663957537359 182.3903966963685 154.99525923820102 79.35611254009376 6.574733613683335 5.91125645221743
3080104185367102592 7670.491492 98.3287220000002 101.2589280000002 -0.3023437499153215 0.11718749997822786 0.10175781251773797 1.8349141936541349 0.08579466950775538 0.07877940728215926 1.4571149670705343 0.07895936668672765 0.1060392810818962 1464.960093 538.4068850000001 211.129236 1148.832735976603 123.3012257153598 110.22938943596364 65.25808274099766 4.852176364550729 4.464148670235453
3231856379348299008 6323.796203 74.84711700000025 73.92432099999951 -0.1042968744611477 0.13203125003504723 0.11386718784236839 2.0344065043105184 0.04925998982039026 0.053486796701116335 1.2279800497712534 0.08397407319893424 0.06893152782665535 4093.353664 442.5839129999995 437.797329 875.114025246941 55.82707544371806 33.04932394579373 51.43907733491924 2.258943666900521 1.223046418582939
3291455819447952768 8813.923754 163.3848710000002 170.75215599999865 -0.6457031249969051 0.12031250006242711 0.13242187498203384 1.8139142274423876 0.08704277089551793 0.07767890735980054 1.4869385993665476 0.0750824744859484 0.0999790372530287 1362.423548 222.7577349999999 310.69054200000005 1121.9147142534732 117.76921467501302 108.39252653128335 67.17497425122615 4.995905789013577 4.7099624458101275
3342228616422593664 6525.875202 57.109496000000036 63.17769000000044 0.12617187523522544 0.08613281240602072 0.08808593736107961 2.2117944006395325 0.029616365304209413 0.03607662888133545 1.5430832104972096 0.03604223920366012 0.04695456839776746 2016.34003 493.5797460000001 201.90838800000006 913.5825367254984 27.59522992146333 21.178583091826454 50.81962702474995 1.1471050117764179 0.6469464167290297
338382713564401920 5880.137574 78.20844299999953 74.93257218315557 0.13046875386542564 0.1179687515298484 0.12128906023451368 2.028300494027387 0.05410416990171196 0.060439707379354335 1.223947693931929 0.08504038208234888 0.06393664320546977 5479.683707 525.9300899999998 498.61388200000056 911.3442323678737 58.694214689373666 35.36873846627225 51.58793868755448 2.4037404874733213 1.3055693292805302
3385777286999240576 6505.805979 105.59348899999986 89.3374219999996 -0.13046874937742206 0.10605468818072294 0.10195312502079654 1.4094092906192308 0.07003451017098294 0.06684378914405009 1.155462948066965 0.0669621562515712 0.03627548388718527 3635.170899 889.0309430000002 1045.2573733145255 1710.1021048466691 188.3551919284862 165.60763515904273 87.29996827211784 7.024105382663194 6.41657796604494
3394923127797114496 6606.080033 96.50342 95.02596900000026 -0.20781249957085998 0.11250000010312482 0.11347656260269248 1.7222339800548663 0.11819551899467062 0.1161855852125353 1.1871973857523503 0.09702773113468388 0.05608145241566542 3686.819777 592.1466619999997 913.77327539322 1178.117341781961 171.6528787392017 157.16214359107596 65.80007107052568 7.024112850719121 6.504425669188805
3402980516507429888 6421.932623 41.328387999999904 46.39239377795002 0.07558593781856186 0.06621093753917832 0.08144531253019284 2.213230149761038 0.03194429539272026 0.027007703721596332 1.5490184208938718 0.023030079432909245 0.07100070182494611 2308.966341 216.68915323506735 218.15127099999972 915.8582431253167 21.196059373597222 19.02613486383393 50.584111231901744 0.9370135871709806 0.4432693318674126
4056326681029056896 5623.945032 32.76945800000067 62.87267199999951 0.4005859419817063 0.07988282075787112 0.19433577284097925 2.1072796315786446 0.07267638186764191 0.07426511269460612 1.3389639666180684 0.09303384193856523 0.1250482675581921 5965.637023 765.3771829999996 615.3167110000004 938.8888750398927 26.48280226749648 35.11550082111887 50.5677480658073 1.386724315573204 0.4925486368631695
4558177980124887936 6589.20369 96.06197699999939 96.12082100000043 -0.19218749970521998 0.11328125063226771 0.12070312491239388 1.7534118471678255 0.12651002165387748 0.10226728376956129 1.1960372937509427 0.0973518594182996 0.05998094464833348 3688.273452 589.1685270000003 931.853353 1137.5569809515957 156.3780810283963 148.34785935780735 64.01297486875195 6.232074664538416 6.270601625706163
4608935250790855296 6233.690789 81.92221999999947 87.17512700000043 0.12539062588888186 0.12207031192309456 0.11796875007424319 2.0802164777400116 0.06468103745751286 0.06340383431966279 1.354042170831029 0.14310676856282 0.10098296314916277 3694.623884 402.00356200000033 1077.699016 924.1555935773669 87.07178843729503 50.656511027282704 52.02521106313894 3.019383216932006 1.602511975569854
470650560779277952 6757.182835 98.73214700000062 87.27740300000005 -0.3972656246746168 0.09179687506430906 0.08886718759671297 1.4946840597088746 0.07659014418238175 0.07236082748149553 1.1331310818963352 0.04126006485345113 0.025907008194661074 3764.499122 546.5022410000001 567.4861800000003 1459.5981824060327 154.8144513915006 140.6753451693737 79.06452161510225 6.226948312659729 5.882196996733413
4707634458245031552 5761.793547 77.96703100000013 83.67494400000032 0.2570313032535057 0.10624995554364919 0.12382817478256866 2.0359671923256095 0.05651575970369871 0.06375416098736464 1.2549266034890152 0.07106064501533371 0.07781672113015947 5733.622395 512.5675940000001 526.4066990000001 932.2572057200075 64.27887008599419 39.780723828467785 51.8342808987821 2.60573276511775 1.4895797221029383
4747624104168195072 6051.578861 83.50393146684019 81.40616399999999 0.1185546887828378 0.11796874935964087 0.13300781298644632 2.018065529080902 0.06333315217078717 0.07138451750375285 1.2610187109748128 0.09093438087577277 0.08791499039045303 4750.637542 555.3676889999997 609.2759490000008 927.8472372620954 91.806458978112 49.8561742604943 52.672861703724344 3.509690163915664 2.061097579385539
4837286842168217088 6469.219763 93.66815856270023 95.4472310000001 0.010937500657138284 0.1021484375168997 0.11328124998675315 1.7366705659747983 0.11343337622630512 0.11572517670780935 1.2742969413302498 0.1051533225241792 0.09613991855613091 3201.790818 903.1106340000001 757.40897347795 1244.7873454818364 172.63594162303366 159.04898808645885 66.91280634514295 6.874139562802611 6.157237089597658
4994237247949280000 6473.735188 92.96779700000025 93.02977399999963 -0.028515624423636508 0.09707031217372213 0.11601562522292172 1.725282590566895 0.09500276344772463 0.08292294677660061 1.246183493037052 0.10215589339119457 0.08502866070081949 3513.638534 740.987597741108 923.6122870000004 1228.1892394909764 144.60262336268738 142.20665796089656 66.7504617517173 5.416373445998303 5.526335820337593
5065640460769428224 6188.446006 65.86335400000007 62.73758999999973 -0.0900390621231724 0.12272917609713076 0.10292968760895051 2.0477982755050985 0.041098215980261976 0.04235022602184291 1.2219704655371777 0.06904837464179758 0.05491670152330208 4598.169909 248.6702749999995 480.3027179999999 867.1095332741571 37.71894069087887 24.375311058313287 50.75798785020473 1.4983193015608265 0.7534942655851964
5385076140853434752 5875.091037 93.34508631677545 98.62416200000007 0.3169921912383394 0.09707031058997556 0.09394531286421268 1.7501438689418383 0.09404751634776298 0.08446702554104335 1.2371354693077272 0.11713765309886881 0.07604186918706968 5984.800215 841.7832629999994 1791.3017409573804 1248.3512668068017 165.7680702948678 140.86033135035404 65.29962988831522 5.685491886392597 5.452846048654898
5580554052549277056 6310.289454 63.747535999999855 65.30246399999942 0.032690114155671475 0.108520823784573 0.11882292619811713 2.094879900734427 0.059930839041391515 0.04967271116938976 1.3240117465185257 0.16602706651249344 0.07504577044894645 3659.578457 315.4702269999998 1088.1724678925652 893.1215472343239 66.23835075251407 33.417736721531696 51.17615249498963 2.0030670007939904 0.9873123755182363
5751177095877066496 6329.621213 97.3236079999997 96.04747806426076 0.08183593879488248 0.11953124954338175 0.10937500076009354 1.6928976100921915 0.08377503925188501 0.07958401521256397 1.2642323256749282 0.10618726710572646 0.09700926750791794 3678.928014 1086.2002508562473 936.8729779999999 1308.6265202050797 154.31779580460397 144.67782918015587 69.16645660216084 5.5860662474508445 5.2968953782286405
6086712585429729536 7019.247308 88.71817199999987 85.80085500000041 -0.14218749992347143 0.0988281248938709 0.10039062492799086 2.1254857312928106 0.06011532577626699 0.06960211816398987 1.4720656382283444 0.08008534814740331 0.11785804031974245 1783.253934 547.423117 226.57817523592007 906.0811567580347 66.69100227364265 54.357070149051424 52.559547986402215 2.7159183504065467 1.9722193970496562
6154982877300947840 6986.649357 103.24831899999936 103.28335400000014 -0.14648437495321687 0.12109375012857503 0.10624999994547979 1.8913618693099146 0.10053532382086172 0.08900676052611911 1.3951306445125935 0.102075646950337 0.11796581971746001 1899.842483 708.6091500000002 291.09903856080496 1088.2927019851827 125.15100947098404 117.17397814273545 61.14988183703316 4.857425006732967 4.713608016986463
646125297938578944 6089.227612 86.25733836634026 84.2722020000001 -0.006445311671779294 0.1263671875341213 0.11191406277104511 1.983042423667305 0.06080539691851161 0.07316632015735247 1.194028611935046 0.08008016640691773 0.05805911618319848 5091.76071 522.2763620000005 600.9857269999993 918.1308679593923 79.38195563667318 51.525601163349506 52.92855633615911 3.370709730820309 2.1657754784752896
6482103014085857024 6289.63421 83.37155699999948 94.73549999999977 -0.1585937495682687 0.11464843757527157 0.11582031261862599 2.0007947672780184 0.05637791968502892 0.07927642528914114 1.1829995254135035 0.07504236338042336 0.052019864762957946 4515.091777 659.337469 555.1702459999997 881.0473125469828 72.02278338249391 38.80515631646722 52.002999681332405 3.164628307076441 1.6245439807850772
651935220461650560 7346.228631 98.8680519999998 100.85577899999953 -0.17304687484893538 0.13007812506230576 0.13125000002392884 1.7042659609954163 0.08092309649924956 0.076898014113425 1.4254214830828011 0.08597591473530741 0.10519804484440187 1498.941065 456.8584659999999 277.219419 1342.4656160522427 147.90171912241976 148.0464736224319 72.39260527999207 5.661412694589728 5.463339318837896
