# starid	Teff	eTeffp	FeH	eFeH	Mk_2MASS	Mk-err
2103295173333142784	4618	60	-0.3	0.04	12.057	0.02
2076764576237957504	4653	60	-0.04	0.04	12.357	0.02
2129084935820532608	4665	60	-0.01	0.04	10.55	0.02
2076328963475704576	4665	60	0.06	0.04	12.253	0.02
2106008493152187392	4693	60	-0.56	0.04	12.184	0.02
2119602202081351168	4728	60	0.32	0.04	10.594	0.02
2086629463276947456	4734	60	-0.27	0.04	11.536	0.02
2104376405579347968	4762	60	-0.21	0.04	11.639	0.02
2125790322246812672	4762	60	0.17	0.04	12.814	0.02
2052392835854583936	4772	60	0.11	0.04	12.706	0.02
2133369840008452224	4791	60	0.13	0.04	11.255	0.02
2076565805151925760	4843	60	0.03	0.04	12.626	0.02
2076871091425583232	4852	60	0.23	0.04	10.757	0.02
2107001283431633408	4859	60	-0.34	0.04	11.659	0.02
2087250476887856256	4859	60	0.11	0.04	10.674	0.02
2051933102555095936	4868	60	0.03	0.04	11.832	0.02
2107244481660894592	4883	60	0.2	0.04	13.016	0.02
2102067396802935680	4908	60	-0.13	0.04	13.503	0.02
2119583201145735808	4909	60	0.11	0.04	9.351	0.02
2077961463362645632	4927	60	-0.08	0.04	13.841	0.02
2073277200237694464	4932	60	0.28	0.04	11.461	0.02
2132768956905956352	4961	60	0.21	0.04	10.062	0.02
2135427576021495168	4966	60	-0.24	0.04	12.527	0.02
2126266823097360000	4973	60	0.17	0.04	13.357	0.02
2100597143598879616	4995	60	0.34	0.04	11.241	0.02
2131114947819394816	5002	60	0.06	0.04	13.785	0.02
2131169545443676032	5005	60	0.03	0.04	11.242	0.02
2129161734133025408	5046	60	-0.06	0.04	13.703	0.02
2103788854053938816	5046	60	0.17	0.04	12.186	0.02
2102911581215700096	5060	60	0.3	0.04	13.051	0.02
2105435544515167232	5065	60	-0.12	0.04	12.301	0.02
2076782889978499840	5067	60	0.08	0.04	11.879	0.02
2051105410816218368	5078	60	0.17	0.04	12.155	0.02
2073547954981763328	5080	60	0.09	0.04	13.702	0.02
2126576679217244160	5081	60	0.15	0.04	13.534	0.02
2119814820141727232	5100	60	-0.25	0.04	12.843	0.02
2101768089124657664	5105	60	0.12	0.04	13.639	0.02
2078286197246582016	5106	60	0.13	0.04	12.567	0.02
2080246282881778048	5118	60	0.4	0.04	13.372	0.02
2052528625536778624	5121	60	0.11	0.04	11.585	0.02
2104094071610116608	5146	60	0.03	0.04	12.235	0.02
2102700131386216576	5162	60	0.17	0.04	13.347	0.02
2129025841368107136	5175	60	-0.08	0.04	12.876	0.02
2128098197152438144	5184	60	0.21	0.04	11.673	0.02
2126418658780855296	5203	60	0.08	0.04	12.897	0.02
2075112109039378688	5235	60	0.26	0.04	11.221	0.02
2104847370214740352	5237	60	0.05	0.04	11.165	0.02
2077140987172577408	5248	60	0.04	0.04	13.97	0.02
2080344586094498432	5260	60	0.04	0.04	11.9	0.02
2053586321364864640	5264	60	0.12	0.04	14.118	0.02
2053546910744629504	5274	60	0.07	0.04	12.931	0.02
2130460394803778816	5315	60	0.33	0.04	13.235	0.02
2075161655782111872	5347	60	0.18	0.04	10.761	0.02
2106674071344722688	5348	60	-0.25	0.04	7.942	0.02
2105618029085927680	5350	60	0.06	0.04	12.422	0.02
2128504397979254528	5356	60	0.09	0.04	13.633	0.02
2130634667395736704	5386	60	-0.04	0.04	12.899	0.02
2125850623586710400	5401	60	0.2	0.04	13.518	0.02
2125713940547834496	5416	60	0.12	0.04	10.088	0.02
2126878048483137152	5425	60	0	0.04	13.019	0.02
2077540827141811200	5440	60	0.38	0.04	10.778	0.02
2079295583282164992	5441	60	0.28	0.04	11.756	0.02
2128911251641171200	5446	60	0	0.04	12.874	0.02
2127798442794047104	5451	60	-0.12	0.04	12.626	0.02
2076692386427776768	5456	60	0.11	0.04	13.25	0.02
2126454633427425664	5479	60	0.27	0.04	12.585	0.02
2078832551450444032	5492	60	-0.06	0.04	13.632	0.02
2080562667352233728	5495	60	-0.14	0.04	11.931	0.02
2087171453788422528	5498	60	-0.08	0.04	9.645	0.02
2102469921138142208	5498	60	0.07	0.04	13.73	0.02
2078722600285671936	5501	60	-0.4	0.04	12.155	0.02
2130250731680096384	5503	60	-0.13	0.04	14.254	0.02
2102548708017562112	5508	60	0.11	0.04	10.871	0.02
2077994272606400512	5509	60	0.12	0.04	10.777	0.02
2130405041264941184	5511	60	-0.09	0.04	13.555	0.02
2127398083121764736	5520	60	0.12	0.04	13.083	0.02
2130243550494676480	5527	60	0.31	0.04	12.427	0.02
2106821925598401152	5529	60	0.1	0.04	10.827	0.02
2076955822541823744	5529	60	0.17	0.04	13.206	0.02
2125831210335846016	5530	60	-0.15	0.04	12.69	0.02
2106306495162679552	5541	60	-0.29	0.04	12.038	0.02
2133021810218800384	5541	60	0.02	0.04	13.351	0.02
2129503716608032256	5559	60	-0.25	0.04	14.121	0.02
2101964558106974848	5564	60	0.14	0.04	12.362	0.02
2079192121810035840	5567	60	-0.35	0.04	11.209	0.02
2099862910348755712	5567	60	0.2	0.04	11.253	0.02
2104098950692667264	5573	60	0.39	0.04	12.677	0.02
2132004074768150400	5583	60	-0.02	0.04	14.017	0.02
2102063136195478656	5588	60	0.12	0.04	13.367	0.02
2052747119115620352	5594	60	-0.09	0.04	8.37	0.02
2080452613110460928	5594	60	0.37	0.04	12.311	0.02
2132155017099178624	5599	60	-0.11	0.04	9.496	0.02
2101230049979183232	5599	60	0.06	0.04	12.208	0.02
2133124511477266176	5602	60	0.14	0.04	12.859	0.02
2104506319750394624	5613	60	0.39	0.04	12.793	0.02
2102587087846067712	5616	60	0.2	0.04	13.052	0.02
2101854881822529024	5619	60	0.4	0.04	13.961	0.02
2126436800722944000	5630	60	-0.22	0.04	12.234	0.02
2105362903731391744	5630	60	0.35	0.04	11.167	0.02
2127851116271982848	5634	60	0.07	0.04	11.183	0.02
2079885608708649344	5648	60	-0.43	0.04	11.996	0.02
2104466153215402624	5648	60	0.44	0.04	11.697	0.02
2107243072911617024	5652	60	0.06	0.04	11.482	0.02
2106705269988803072	5654	60	0.27	0.04	10.801	0.02
2126601108991279872	5656	60	0.28	0.04	10.97	0.02
2127001056345369984	5658	60	0.15	0.04	12.122	0.02
2086660283961964416	5660	60	0.18	0.04	14.132	0.02
2131709921047710336	5661	60	0.39	0.04	12.011	0.02
2133022669212268800	5666	60	0.02	0.04	12.986	0.02
2129753580626548736	5676	60	0.01	0.04	12.383	0.02
2099541715513813504	5678	60	0.28	0.04	9.968	0.02
2052304325169514880	5693	60	-0.29	0.04	13.838	0.02
2086337508581280256	5697	60	0.1	0.04	13.633	0.02
2099656472742686848	5700	60	-0.36	0.04	10.446	0.02
2078195212660287616	5703	60	0.16	0.04	13.9	0.02
2126432677554353280	5705	60	-0.02	0.04	12.246	0.02
2086718317558873984	5712	60	0.29	0.04	11.32	0.02
2052975370856687744	5718	60	0.12	0.04	12.51	0.02
2102815683186036096	5722	60	0.07	0.04	12.994	0.02
2051104586182508928	5739	60	0.07	0.04	12.528	0.02
2132325200882204544	5748	60	-0.11	0.04	11.469	0.02
2073731161099713408	5751	60	0.1	0.04	8.868	0.02
2128724678262662144	5759	60	0.05	0.04	11.762	0.02
2076121602454770560	5759	60	0.24	0.04	11.055	0.02
2102454253097554304	5760	60	-0.42	0.04	11.209	0.02
2076960598545789824	5763	60	0.05	0.04	12.18	0.02
2099605968225288960	5764	60	0.07	0.04	10.897	0.02
2101188990094347648	5766	60	0	0.04	13.807	0.02
2105535462635217792	5769	60	-0.06	0.04	13.673	0.02
2131216137248338304	5773	60	-0.15	0.04	11.345	0.02
2126801563705846528	5779	60	-0.06	0.04	11.917	0.02
2102110174677569664	5787	60	0.19	0.04	10.079	0.02
2099925719951103872	5788	60	0.08	0.04	12.337	0.02
2129550445852902656	5789	60	0.14	0.04	8.588	0.02
2100624562669914240	5800	60	0.34	0.04	13.512	0.02
2100906140725803392	5802	60	-0.14	0.04	11.109	0.02
2100416823690394624	5803	60	-0.14	0.04	9.033	0.02
2134719834131370496	5805	60	-0.03	0.04	11.367	0.02
2131494313689868416	5808	60	0.26	0.04	10.252	0.02
2135019107451751168	5823	60	-0.09	0.04	11.998	0.02
2102316985943863424	5834	60	-0.04	0.04	12.516	0.02
2135203000771400320	5837	60	0.01	0.04	13.819	0.02
2143749504651818368	5846	60	0.1	0.04	11.717	0.02
2101733244046205568	5854	60	0.1	0.04	9.768	0.02
2077556465126659456	5854	60	0.34	0.04	13.214	0.02
2076601917234347520	5856	60	-0.17	0.04	11.978	0.02
2082074942519913344	5860	60	-0.09	0.04	11.431	0.02
2130661880308812800	5866	60	0.01	0.04	11.409	0.02
2086625752425381632	5866	60	0.32	0.04	11.06	0.02
2135378231142791808	5871	60	-0.3	0.04	13.384	0.02
2127771917075703424	5873	60	0.36	0.04	12.389	0.02
2102610280669509888	5880	60	0.22	0.04	11.62	0.02
2130625287187139072	5884	60	-0.2	0.04	12.928	0.02
2101243789577188736	5886	60	0.13	0.04	10.873	0.02
2101305259145506816	5887	60	-0.16	0.04	10.49	0.02
2076792648144511104	5887	60	0.08	0.04	12.445	0.02
2104344141784539264	5898	60	-0.01	0.04	10.756	0.02
2126569051355142656	5905	60	0.22	0.04	12.11	0.02
2104466256290759936	5910	60	-0.2	0.04	10.424	0.02
2052688467040906624	5911	60	0.22	0.04	14.065	0.02
2053070616052194304	5917	60	-0.08	0.04	12.826	0.02
2101175933393051008	5917	60	-0.02	0.04	11.001	0.02
2132215421518219392	5918	60	-0.17	0.04	10.951	0.02
2134798444914611712	5920	60	0.26	0.04	11.338	0.02
2105135854577044480	5923	60	0.09	0.04	10.3	0.02
2130368310704421120	5933	60	-0.09	0.04	11.503	0.02
2135179533070399232	5945	60	-0.4	0.04	10.535	0.02
2102224661326132864	5946	60	0.19	0.04	10.403	0.02
2127355923723254272	5947	60	0.14	0.04	12.591	0.02
2129495057954829952	5952	60	-0.02	0.04	10.483	0.02
2128925579652377472	5956	60	-0.1	0.04	11.623	0.02
2101898759208960640	5969	60	0.29	0.04	11.805	0.02
2073539536845074176	5975	60	0.09	0.04	10.373	0.02
2116862833283266432	5976	60	-0.01	0.04	10.649	0.02
2078515170549178880	5989	60	0.03	0.04	12.508	0.02
2079368391569401600	6000	60	-0.02	0.04	11.97	0.02
2052185062520374272	6001	60	0.08	0.04	12.475	0.02
2100392428275714688	6002	60	-0.27	0.04	9.785	0.02
2086389357427331712	6003	60	0.14	0.04	10.809	0.02
2077598384004774912	6009	60	-0.09	0.04	11.488	0.02
2132193431285570304	6015	60	0.1	0.04	12.482	0.02
2052823535171095296	6022	60	-0.04	0.04	13.372	0.02
2135314184585149696	6030	60	0.14	0.04	10.665	0.02
2086940448965828992	6051	60	0.04	0.04	11.315	0.02
2077750803804146176	6054	60	0.02	0.04	12.21	0.02
2132709613336959744	6059	60	0.06	0.04	10.608	0.02
2100389610777053056	6065	60	0.09	0.04	11.966	0.02
2073804411752924288	6080	60	0.01	0.04	10.511	0.02
2128013019361703936	6088	60	-0.09	0.04	13.871	0.02
2126237131982289280	6110	60	0.06	0.04	10.628	0.02
2126508676995012352	6112	60	-0.12	0.04	11.2	0.02
2128067720065692672	6119	60	-0.07	0.04	12.621	0.02
2107266570672734592	6125	60	0.24	0.04	10.234	0.02
2078697552035948800	6154	60	-0.08	0.04	12.655	0.02
2133611659549905024	6155	60	0.11	0.04	10.875	0.02
2103452266056715392	6163	60	0.1	0.04	9.617	0.02
2052168466766597120	6178	60	0.04	0.04	11.733	0.02
2051950454223150720	6179	60	0.08	0.04	13.957	0.02
2076970047474270208	6181	60	0.07	0.04	10.926	0.02
2079695496278608896	6187	60	-0.06	0.04	10.253	0.02
2107342716152550272	6198	60	0.17	0.04	10.454	0.02
2099606483621385216	6202	60	-0.04	0.04	6.945	0.02
2107236613280607104	6207	60	-0.16	0.04	11.456	0.02
2086505630781210752	6212	60	0.2	0.04	10.795	0.02
2119196585370036736	6218	60	-0.13	0.04	10.514	0.02
2078272831307891456	6220	60	0.07	0.04	12.383	0.02
2102119176929154304	6220	60	0.13	0.04	9.806	0.02
2135044568018500096	6231	60	0.06	0.04	12.065	0.02
2132178725317511936	6238	60	-0.02	0.04	10.149	0.02
2130320172711659136	6267	60	-0.17	0.04	9.191	0.02
2126918008858627712	6270	60	-0.16	0.04	9.344	0.02
2128298617506651904	6272	60	0.1	0.04	11.957	0.02
2051738798233021824	6284	60	0.13	0.04	11.591	0.02
2135590578620605568	6298	60	0.17	0.04	10.429	0.02
2105620159389754624	6302	60	-0.07	0.04	9.754	0.02
2080386917291928832	6318	60	-0.05	0.04	8.407	0.02
2131859244171951616	6318	60	0.12	0.04	11.151	0.02
2101719263935952768	6319	60	-0.21	0.04	12.222	0.02
2127390970655877888	6330	60	0.05	0.04	11.995	0.02
2107315365800640896	6337	60	0.11	0.04	9.109	0.02
2053552270863859712	6360	60	-0.21	0.04	13.11	0.02
2135002576119495936	6386	60	0.21	0.04	10.971	0.02
2079005651508492032	6563	60	0.06	0.04	11.67	0.02
